0.0206221	1
0.0176787	2
0.0143085	3
0.0117089	4
0.00974953	5
0.00826485	6
0.00712844	7
0.00624749	8
0.00555447	9
0.00500046	10
0.00455019	11
0.00417822	12
0.00386614	13
0.00360057	14
0.00337168	15
0.00317216	16
0.0029965	17
0.00284051	18
0.00270091	19
0.00257514	20
0.00246116	21
0.00235731	22
0.00226224	23
0.00217485	24
0.0020942	25
0.00201952	26
0.00195014	27
0.0018855	28
0.00182511	29
0.00176855	30
0.00171546	31
0.00166551	32
0.00161843	33
0.00157397	34
0.00153192	35
0.00149206	36
0.00145424	37
0.00141829	38
0.00138407	39
0.00135147	40
0.00132035	41
0.00129063	42
0.00126221	43
0.00123499	44
0.00120892	45
0.0011839	46
0.00115988	47
0.00113679	48
0.00111459	49
0.00109322	50
0.00107263	51
0.00105278	52
0.00103364	53
0.00101515	54
0.00099729	55
0.000980021	56
0.00096333	57
0.000947169	58
0.00093152	59
0.000916359	60
0.00090166	61
0.000887396	62
0.000873571	63
0.000860139	64
0.000847094	65
0.000834418	66
0.000822094	67
0.000810109	68
0.000798436	69
0.000787107	70
0.000776033	71
0.000765277	72
0.000754787	73
0.00074456	74
0.000734588	75
0.000724861	76
0.00071537	77
0.000706106	78
0.00069706	79
0.000688226	80
0.000679596	81
0.000671147	82
0.000662933	83
0.000654844	84
0.000646973	85
0.000639263	86
0.000631716	87
0.00062433	88
0.0006171	89
0.00061002	90
0.000603086	91
0.000596292	92
0.000589636	93
0.000583113	94
0.000576718	95
0.000570448	96
0.000564299	97
0.000558268	98
0.000552352	99
0.000546546	100
0.000540849	101
0.000535237	102
0.000529784	103
0.000524358	104
0.000519079	105
0.000513882	106
0.000508773	107
0.000503753	108
0.000498821	109
0.000493973	110
0.000489207	111
0.000484523	112
0.000479916	113
0.000475386	114
0.00047093	115
0.000466547	116
0.000462236	117
0.000457993	118
0.000453818	119
0.000449709	120
0.000445665	121
0.000441684	122
0.000437764	123
0.000433905	124
0.000430104	125
0.000426361	126
0.000422674	127
0.000419042	128
0.000415464	129
0.000411938	130
0.000408464	131
0.00040504	132
0.000401666	133
0.000398339	134
0.000395061	135
0.000391828	136
0.000388641	137
0.000385498	138
0.000382398	139
0.000379342	140
0.000376327	141
0.000373352	142
0.000370419	143
0.000367524	144
0.000364668	145
0.00036185	146
0.000359069	147
0.000356324	148
0.000353615	149
0.000350941	150
0.000348301	151
0.000345695	152
0.000343123	153
0.000340582	154
0.000338074	155
0.000335597	156
0.000333151	157
0.000330734	158
0.000328348	159
0.000325991	160
0.000323662	161
0.000321361	162
0.000319088	163
0.000316843	164
0.000314624	165
0.000312431	166
0.000310263	167
0.000308122	168
0.000306005	169
0.000303912	170
0.000301844	171
0.000299799	172
0.000297778	173
0.00029578	174
0.000293804	175
0.00029185	176
0.000289918	177
0.000288008	178
0.000286118	179
0.00028425	180
0.000282401	181
0.000280573	182
0.000278765	183
0.000276976	184
0.000275207	185
0.000273456	186
0.000271724	187
0.00027001	188
0.000268314	189
0.000266636	190
0.000264976	191
0.000263332	192
0.000261706	193
0.000260096	194
0.000258503	195
0.000256926	196
0.000255365	197
0.00025382	198
0.00025229	199
0.000250775	200
0.000249276	201
0.000247791	202
0.000246321	203
0.000244866	204
0.000243424	205
0.000241997	206
0.000240583	207
0.000239183	208
0.000237797	209
0.000236423	210
0.000235063	211
0.000233716	212
0.000232381	213
0.000231059	214
0.000229749	215
0.000228452	216
0.000227166	217
0.000225892	218
0.00022463	219
0.000223379	220
0.00022214	221
0.000220912	222
0.000219695	223
0.000218489	224
0.000217294	225
0.00021611	226
0.000214935	227
0.000213772	228
0.000212618	229
0.000211475	230
0.000210341	231
0.000209218	232
0.000208104	233
0.000207	234
0.000205905	235
0.000204819	236
0.000203743	237
0.000202676	238
0.000201618	239
0.000200569	240
0.000199528	241
0.000198496	242
0.000197473	243
0.000196458	244
0.000195452	245
0.000194454	246
0.000193463	247
0.000192481	248
0.000191507	249
0.000190541	250
0.000189583	251
0.000188632	252
0.000187689	253
0.000186753	254
0.000185825	255
0.000184904	256
0.00018399	257
0.000183083	258
0.000182184	259
0.000181291	260
0.000180405	261
0.000179526	262
0.000178654	263
0.000177789	264
0.00017693	265
0.000176077	266
0.000175231	267
0.000174392	268
0.000173558	269
0.000172731	270
0.00017191	271
0.000171095	272
0.000170286	273
0.000169483	274
0.000168686	275
0.000167895	276
0.00016711	277
0.00016633	278
0.000165556	279
0.000164787	280
0.000164024	281
0.000163266	282
0.000162514	283
0.000161767	284
0.000161025	285
0.000160289	286
0.000159558	287
0.000158832	288
0.000158111	289
0.000157394	290
0.000156683	291
0.000155977	292
0.000155276	293
0.000154579	294
0.000153887	295
0.0001532	296
0.000152517	297
0.00015184	298
0.000151166	299
0.000150497	300
0.000149833	301
0.000149173	302
0.000148517	303
0.000147866	304
0.000147219	305
0.000146576	306
0.000145938	307
0.000145304	308
0.000144673	309
0.000144047	310
0.000143425	311
0.000142807	312
0.000142193	313
0.000141583	314
0.000140976	315
0.000140374	316
0.000139775	317
0.00013918	318
0.000138589	319
0.000138002	320
0.000137418	321
0.000136838	322
0.000136261	323
0.000135688	324
0.000135119	325
0.000134553	326
0.00013399	327
0.000133431	328
0.000132876	329
0.000132323	330
0.000131774	331
0.000131229	332
0.000130686	333
0.000130147	334
0.000129611	335
0.000129079	336
0.000128549	337
0.000128023	338
0.0001275	339
0.000126979	340
0.000126462	341
0.000125948	342
0.000125437	343
0.000124929	344
0.000124424	345
0.000123921	346
0.000123422	347
0.000122925	348
0.000122432	349
0.000121941	350
0.000121453	351
0.000120968	352
0.000120485	353
0.000120005	354
0.000119528	355
0.000119054	356
0.000118582	357
0.000118113	358
0.000117646	359
0.000117182	360
0.000116721	361
0.000116262	362
0.000115806	363
0.000115352	364
0.0001149	365
0.000114451	366
0.000114005	367
0.000113561	368
0.000113119	369
0.00011268	370
0.000112243	371
0.000111809	372
0.000111376	373
0.000110947	374
0.000110519	375
0.000110094	376
0.00010967	377
0.00010925	378
0.000108831	379
0.000108415	380
0.000108	381
0.000107588	382
0.000107178	383
0.00010677	384
0.000106365	385
0.000105961	386
0.000105559	387
0.00010516	388
0.000104762	389
0.000104367	390
0.000103974	391
0.000103582	392
0.000103193	393
0.000102805	394
0.00010242	395
0.000102036	396
0.000101655	397
0.000101275	398
0.000100897	399
0.000100521	400
0.000100147	401
9.97748e-05	402
9.94044e-05	403
9.90358e-05	404
9.86691e-05	405
9.83042e-05	406
9.7941e-05	407
9.75796e-05	408
9.722e-05	409
9.68621e-05	410
9.65059e-05	411
9.61515e-05	412
9.57988e-05	413
9.54478e-05	414
9.50984e-05	415
9.47508e-05	416
9.44048e-05	417
9.40604e-05	418
9.37177e-05	419
9.33766e-05	420
9.30371e-05	421
9.26993e-05	422
9.2363e-05	423
9.20283e-05	424
9.16951e-05	425
9.13636e-05	426
9.10335e-05	427
9.0705e-05	428
9.03781e-05	429
9.00526e-05	430
8.97286e-05	431
8.94062e-05	432
8.90852e-05	433
8.87657e-05	434
8.84477e-05	435
8.81311e-05	436
8.7816e-05	437
8.75023e-05	438
8.719e-05	439
8.68791e-05	440
8.65697e-05	441
8.62616e-05	442
8.59549e-05	443
8.56496e-05	444
8.53457e-05	445
8.50431e-05	446
8.47419e-05	447
8.4442e-05	448
8.41434e-05	449
8.38462e-05	450
8.35503e-05	451
8.32557e-05	452
8.29624e-05	453
8.26704e-05	454
8.23796e-05	455
8.20902e-05	456
8.1802e-05	457
8.1515e-05	458
8.12293e-05	459
8.09449e-05	460
8.06616e-05	461
8.03796e-05	462
8.00989e-05	463
7.98193e-05	464
7.95409e-05	465
7.92637e-05	466
7.89877e-05	467
7.87129e-05	468
7.84393e-05	469
7.81668e-05	470
7.78955e-05	471
7.76253e-05	472
7.73563e-05	473
7.70884e-05	474
7.68216e-05	475
7.6556e-05	476
7.62915e-05	477
7.60281e-05	478
7.57657e-05	479
7.55045e-05	480
7.52444e-05	481
7.49853e-05	482
7.47274e-05	483
7.44705e-05	484
7.42146e-05	485
7.39598e-05	486
7.37061e-05	487
7.34534e-05	488
7.32017e-05	489
7.29511e-05	490
7.27015e-05	491
7.24529e-05	492
7.22053e-05	493
7.19588e-05	494
7.17132e-05	495
7.14686e-05	496
7.12251e-05	497
7.09825e-05	498
7.07409e-05	499
7.05002e-05	500
7.02605e-05	501
7.00218e-05	502
6.97841e-05	503
6.95473e-05	504
6.93114e-05	505
6.90765e-05	506
6.88425e-05	507
6.86094e-05	508
6.83773e-05	509
6.81461e-05	510
6.79158e-05	511
6.76864e-05	512
6.74579e-05	513
6.72303e-05	514
6.70036e-05	515
6.67778e-05	516
6.65528e-05	517
6.63288e-05	518
6.61056e-05	519
6.58833e-05	520
6.56619e-05	521
6.54413e-05	522
6.52216e-05	523
6.50027e-05	524
6.47847e-05	525
6.45675e-05	526
6.43511e-05	527
6.41356e-05	528
6.39209e-05	529
6.3707e-05	530
6.3494e-05	531
6.32817e-05	532
6.30703e-05	533
6.28597e-05	534
6.26499e-05	535
6.24409e-05	536
6.22326e-05	537
6.20252e-05	538
6.18186e-05	539
6.16127e-05	540
6.14076e-05	541
6.12033e-05	542
6.09997e-05	543
6.07969e-05	544
6.05949e-05	545
6.03936e-05	546
6.01931e-05	547
5.99934e-05	548
5.97943e-05	549
5.95961e-05	550
5.93985e-05	551
5.92017e-05	552
5.90057e-05	553
5.88103e-05	554
5.86157e-05	555
5.84218e-05	556
5.82286e-05	557
5.80361e-05	558
5.78444e-05	559
5.76533e-05	560
5.74629e-05	561
5.72733e-05	562
5.70843e-05	563
5.68961e-05	564
5.67085e-05	565
5.65216e-05	566
5.63354e-05	567
5.61498e-05	568
5.5965e-05	569
5.57808e-05	570
5.55973e-05	571
5.54144e-05	572
5.52322e-05	573
5.50507e-05	574
5.48698e-05	575
5.46896e-05	576
5.451e-05	577
5.43311e-05	578
5.41528e-05	579
5.39752e-05	580
5.37982e-05	581
5.36218e-05	582
5.3446e-05	583
5.32709e-05	584
5.30965e-05	585
5.29226e-05	586
5.27494e-05	587
5.25767e-05	588
5.24047e-05	589
5.22333e-05	590
5.20625e-05	591
5.18924e-05	592
5.17228e-05	593
5.15538e-05	594
5.13854e-05	595
5.12176e-05	596
5.10504e-05	597
5.08838e-05	598
5.07178e-05	599
5.05524e-05	600
5.03875e-05	601
5.02233e-05	602
5.00596e-05	603
4.98964e-05	604
4.97339e-05	605
4.95719e-05	606
4.94105e-05	607
4.92496e-05	608
4.90893e-05	609
4.89296e-05	610
4.87704e-05	611
4.86118e-05	612
4.84537e-05	613
4.82962e-05	614
4.81392e-05	615
4.79828e-05	616
4.78269e-05	617
4.76716e-05	618
4.75168e-05	619
4.73625e-05	620
4.72087e-05	621
4.70555e-05	622
4.69028e-05	623
4.67507e-05	624
4.65991e-05	625
4.64479e-05	626
4.62973e-05	627
4.61473e-05	628
4.59977e-05	629
4.58487e-05	630
4.57001e-05	631
4.55521e-05	632
4.54046e-05	633
4.52575e-05	634
4.5111e-05	635
4.4965e-05	636
4.48195e-05	637
4.46744e-05	638
4.45299e-05	639
4.43859e-05	640
4.42423e-05	641
4.40993e-05	642
4.39567e-05	643
4.38146e-05	644
4.3673e-05	645
4.35318e-05	646
4.33912e-05	647
4.3251e-05	648
4.31113e-05	649
4.29721e-05	650
4.28333e-05	651
4.2695e-05	652
4.25572e-05	653
4.24198e-05	654
4.22829e-05	655
4.21465e-05	656
4.20105e-05	657
4.1875e-05	658
4.17399e-05	659
4.16053e-05	660
4.14711e-05	661
4.13374e-05	662
4.12041e-05	663
4.10713e-05	664
4.09389e-05	665
4.0807e-05	666
4.06755e-05	667
4.05444e-05	668
4.04138e-05	669
4.02836e-05	670
4.01539e-05	671
4.00246e-05	672
3.98957e-05	673
3.97672e-05	674
3.96392e-05	675
3.95116e-05	676
3.93844e-05	677
3.92577e-05	678
3.91313e-05	679
3.90054e-05	680
3.88799e-05	681
3.87548e-05	682
3.86301e-05	683
3.85059e-05	684
3.8382e-05	685
3.82586e-05	686
3.81356e-05	687
3.8013e-05	688
3.78907e-05	689
3.77689e-05	690
3.76475e-05	691
3.75265e-05	692
3.74059e-05	693
3.72857e-05	694
3.71659e-05	695
3.70464e-05	696
3.69274e-05	697
3.68088e-05	698
3.66905e-05	699
3.65727e-05	700
3.64552e-05	701
3.63381e-05	702
3.62214e-05	703
3.61051e-05	704
3.59891e-05	705
3.58736e-05	706
3.57584e-05	707
3.56436e-05	708
3.55292e-05	709
3.54151e-05	710
3.53014e-05	711
3.51881e-05	712
3.50752e-05	713
3.49626e-05	714
3.48504e-05	715
3.47386e-05	716
3.46271e-05	717
3.4516e-05	718
3.44053e-05	719
3.42949e-05	720
3.41849e-05	721
3.40752e-05	722
3.39659e-05	723
3.38569e-05	724
3.37483e-05	725
3.36401e-05	726
3.35322e-05	727
3.34247e-05	728
3.33175e-05	729
3.32106e-05	730
3.31041e-05	731
3.2998e-05	732
3.28922e-05	733
3.27867e-05	734
3.26816e-05	735
3.25768e-05	736
3.24724e-05	737
3.23683e-05	738
3.22645e-05	739
3.21611e-05	740
3.2058e-05	741
3.19552e-05	742
3.18528e-05	743
3.17507e-05	744
3.16489e-05	745
3.15475e-05	746
3.14464e-05	747
3.13456e-05	748
3.12451e-05	749
3.1145e-05	750
3.10452e-05	751
3.09457e-05	752
3.08465e-05	753
3.07477e-05	754
3.06492e-05	755
3.05509e-05	756
3.04531e-05	757
3.03555e-05	758
3.02582e-05	759
3.01613e-05	760
3.00646e-05	761
2.99683e-05	762
2.98723e-05	763
2.97766e-05	764
2.96812e-05	765
2.95861e-05	766
2.94913e-05	767
2.93968e-05	768
2.93026e-05	769
2.92088e-05	770
2.91152e-05	771
2.90219e-05	772
2.89289e-05	773
2.88363e-05	774
2.87439e-05	775
2.86518e-05	776
2.856e-05	777
2.84685e-05	778
2.83773e-05	779
2.82864e-05	780
2.81958e-05	781
2.81055e-05	782
2.80155e-05	783
2.79257e-05	784
2.78363e-05	785
2.77471e-05	786
2.76582e-05	787
2.75696e-05	788
2.74813e-05	789
2.73932e-05	790
2.73055e-05	791
2.7218e-05	792
2.71308e-05	793
2.70439e-05	794
2.69573e-05	795
2.68709e-05	796
2.67849e-05	797
2.66991e-05	798
2.66135e-05	799
2.65283e-05	800
2.64433e-05	801
2.63586e-05	802
2.62741e-05	803
2.619e-05	804
2.61061e-05	805
2.60224e-05	806
2.59391e-05	807
2.5856e-05	808
2.57731e-05	809
2.56905e-05	810
2.56082e-05	811
2.55262e-05	812
2.54444e-05	813
2.53629e-05	814
2.52816e-05	815
2.52006e-05	816
2.51199e-05	817
2.50394e-05	818
2.49592e-05	819
2.48792e-05	820
2.47995e-05	821
2.472e-05	822
2.46408e-05	823
2.45618e-05	824
2.44831e-05	825
2.44047e-05	826
2.43265e-05	827
2.42485e-05	828
2.41708e-05	829
2.40933e-05	830
2.40161e-05	831
2.39392e-05	832
2.38624e-05	833
2.3786e-05	834
2.37097e-05	835
2.36337e-05	836
2.3558e-05	837
2.34825e-05	838
2.34072e-05	839
2.33322e-05	840
2.32574e-05	841
2.31828e-05	842
2.31085e-05	843
2.30344e-05	844
2.29606e-05	845
2.2887e-05	846
2.28136e-05	847
2.27405e-05	848
2.26676e-05	849
2.25949e-05	850
2.25225e-05	851
2.24503e-05	852
2.23783e-05	853
2.23065e-05	854
2.2235e-05	855
2.21637e-05	856
2.20926e-05	857
2.20218e-05	858
2.19512e-05	859
2.18808e-05	860
2.18106e-05	861
2.17406e-05	862
2.16709e-05	863
2.16014e-05	864
2.15321e-05	865
2.14631e-05	866
2.13942e-05	867
2.13256e-05	868
2.12572e-05	869
2.1189e-05	870
2.1121e-05	871
2.10533e-05	872
2.09857e-05	873
2.09184e-05	874
2.08513e-05	875
2.07844e-05	876
2.07177e-05	877
2.06512e-05	878
2.0585e-05	879
2.05189e-05	880
2.04531e-05	881
2.03875e-05	882
2.0322e-05	883
2.02568e-05	884
2.01918e-05	885
2.0127e-05	886
2.00624e-05	887
1.9998e-05	888
1.99338e-05	889
1.98698e-05	890
1.98061e-05	891
1.97425e-05	892
1.96791e-05	893
1.96159e-05	894
1.9553e-05	895
1.94902e-05	896
1.94276e-05	897
1.93652e-05	898
1.93031e-05	899
1.92411e-05	900
1.91793e-05	901
1.91177e-05	902
1.90563e-05	903
1.89951e-05	904
1.89341e-05	905
1.88733e-05	906
1.88127e-05	907
1.87523e-05	908
1.86921e-05	909
1.8632e-05	910
1.85722e-05	911
1.85125e-05	912
1.84531e-05	913
1.83938e-05	914
1.83347e-05	915
1.82758e-05	916
1.82171e-05	917
1.81586e-05	918
1.81002e-05	919
1.80421e-05	920
1.79841e-05	921
1.79263e-05	922
1.78687e-05	923
1.78113e-05	924
1.7754e-05	925
1.7697e-05	926
1.76401e-05	927
1.75834e-05	928
1.75269e-05	929
1.74706e-05	930
1.74144e-05	931
1.73584e-05	932
1.73026e-05	933
1.7247e-05	934
1.71916e-05	935
1.71363e-05	936
1.70812e-05	937
1.70263e-05	938
1.69715e-05	939
1.6917e-05	940
1.68626e-05	941
1.68083e-05	942
1.67543e-05	943
1.67004e-05	944
1.66467e-05	945
1.65932e-05	946
1.65398e-05	947
1.64866e-05	948
1.64336e-05	949
1.63807e-05	950
1.6328e-05	951
1.62755e-05	952
1.62231e-05	953
1.6171e-05	954
1.61189e-05	955
1.60671e-05	956
1.60154e-05	957
1.59638e-05	958
1.59125e-05	959
1.58613e-05	960
1.58102e-05	961
1.57594e-05	962
1.57086e-05	963
1.56581e-05	964
1.56077e-05	965
1.55575e-05	966
1.55074e-05	967
1.54575e-05	968
1.54077e-05	969
1.53581e-05	970
1.53087e-05	971
1.52594e-05	972
1.52103e-05	973
1.51613e-05	974
1.51125e-05	975
1.50638e-05	976
1.50153e-05	977
1.4967e-05	978
1.49188e-05	979
1.48708e-05	980
1.48229e-05	981
1.47751e-05	982
1.47275e-05	983
1.46801e-05	984
1.46328e-05	985
1.45857e-05	986
1.45387e-05	987
1.44919e-05	988
1.44452e-05	989
1.43987e-05	990
1.43523e-05	991
1.43061e-05	992
1.426e-05	993
1.4214e-05	994
1.41682e-05	995
1.41226e-05	996
1.40771e-05	997
1.40317e-05	998
1.39865e-05	999
1.39414e-05	1000
1.38965e-05	1001
1.38517e-05	1002
1.38071e-05	1003
1.37626e-05	1004
1.37182e-05	1005
1.3674e-05	1006
1.36299e-05	1007
1.3586e-05	1008
1.35422e-05	1009
1.34985e-05	1010
1.3455e-05	1011
1.34116e-05	1012
1.33684e-05	1013
1.33253e-05	1014
1.32823e-05	1015
1.32395e-05	1016
1.31968e-05	1017
1.31542e-05	1018
1.31118e-05	1019
1.30695e-05	1020
1.30274e-05	1021
1.29854e-05	1022
1.29435e-05	1023
1.29017e-05	1024
1.28601e-05	1025
1.28186e-05	1026
1.27773e-05	1027
1.27361e-05	1028
1.2695e-05	1029
1.2654e-05	1030
1.26132e-05	1031
1.25725e-05	1032
1.2532e-05	1033
1.24915e-05	1034
1.24512e-05	1035
1.2411e-05	1036
1.2371e-05	1037
1.23311e-05	1038
1.22913e-05	1039
1.22516e-05	1040
1.22121e-05	1041
1.21727e-05	1042
1.21334e-05	1043
1.20942e-05	1044
1.20552e-05	1045
1.20163e-05	1046
1.19775e-05	1047
1.19388e-05	1048
1.19003e-05	1049
1.18618e-05	1050
1.18235e-05	1051
1.17854e-05	1052
1.17473e-05	1053
1.17094e-05	1054
1.16716e-05	1055
1.16339e-05	1056
1.15963e-05	1057
1.15589e-05	1058
1.15216e-05	1059
1.14843e-05	1060
1.14473e-05	1061
1.14103e-05	1062
1.13734e-05	1063
1.13367e-05	1064
1.13001e-05	1065
1.12636e-05	1066
1.12272e-05	1067
1.11909e-05	1068
1.11548e-05	1069
1.11187e-05	1070
1.10828e-05	1071
1.1047e-05	1072
1.10113e-05	1073
1.09757e-05	1074
1.09403e-05	1075
1.09049e-05	1076
1.08697e-05	1077
1.08346e-05	1078
1.07996e-05	1079
1.07647e-05	1080
1.07299e-05	1081
1.06952e-05	1082
1.06606e-05	1083
1.06262e-05	1084
1.05918e-05	1085
1.05576e-05	1086
1.05235e-05	1087
1.04895e-05	1088
1.04555e-05	1089
1.04217e-05	1090
1.03881e-05	1091
1.03545e-05	1092
1.0321e-05	1093
1.02876e-05	1094
1.02544e-05	1095
1.02212e-05	1096
1.01882e-05	1097
1.01552e-05	1098
1.01224e-05	1099
1.00897e-05	1100
1.0057e-05	1101
1.00245e-05	1102
9.99209e-06	1103
9.95977e-06	1104
9.92756e-06	1105
9.89545e-06	1106
9.86345e-06	1107
9.83155e-06	1108
9.79975e-06	1109
9.76805e-06	1110
9.73645e-06	1111
9.70496e-06	1112
9.67356e-06	1113
9.64227e-06	1114
9.61107e-06	1115
9.57998e-06	1116
9.54899e-06	1117
9.51809e-06	1118
9.4873e-06	1119
9.4566e-06	1120
9.426e-06	1121
9.3955e-06	1122
9.3651e-06	1123
9.33479e-06	1124
9.30459e-06	1125
9.27448e-06	1126
9.24446e-06	1127
9.21454e-06	1128
9.18472e-06	1129
9.155e-06	1130
9.12536e-06	1131
9.09583e-06	1132
9.06639e-06	1133
9.03704e-06	1134
9.00779e-06	1135
8.97863e-06	1136
8.94957e-06	1137
8.92059e-06	1138
8.89172e-06	1139
8.86293e-06	1140
8.83424e-06	1141
8.80564e-06	1142
8.77713e-06	1143
8.74871e-06	1144
8.72038e-06	1145
8.69215e-06	1146
8.664e-06	1147
8.63595e-06	1148
8.60798e-06	1149
8.58011e-06	1150
8.55232e-06	1151
8.52463e-06	1152
8.49702e-06	1153
8.4695e-06	1154
8.44207e-06	1155
8.41473e-06	1156
8.38747e-06	1157
8.36031e-06	1158
8.33323e-06	1159
8.30624e-06	1160
8.27933e-06	1161
8.25251e-06	1162
8.22578e-06	1163
8.19913e-06	1164
8.17257e-06	1165
8.1461e-06	1166
8.11971e-06	1167
8.0934e-06	1168
8.06718e-06	1169
8.04104e-06	1170
8.01499e-06	1171
7.98902e-06	1172
7.96313e-06	1173
7.93733e-06	1174
7.91161e-06	1175
7.88598e-06	1176
7.86042e-06	1177
7.83495e-06	1178
7.80956e-06	1179
7.78425e-06	1180
7.75902e-06	1181
7.73388e-06	1182
7.70881e-06	1183
7.68383e-06	1184
7.65893e-06	1185
7.6341e-06	1186
7.60936e-06	1187
7.58469e-06	1188
7.56011e-06	1189
7.5356e-06	1190
7.51118e-06	1191
7.48683e-06	1192
7.46256e-06	1193
7.43837e-06	1194
7.41425e-06	1195
7.39022e-06	1196
7.36626e-06	1197
7.34238e-06	1198
7.31857e-06	1199
7.29484e-06	1200
7.27119e-06	1201
7.24762e-06	1202
7.22412e-06	1203
7.20069e-06	1204
7.17735e-06	1205
7.15407e-06	1206
7.13087e-06	1207
7.10775e-06	1208
7.0847e-06	1209
7.06173e-06	1210
7.03883e-06	1211
7.016e-06	1212
6.99324e-06	1213
6.97056e-06	1214
6.94796e-06	1215
6.92542e-06	1216
6.90296e-06	1217
6.88057e-06	1218
6.85826e-06	1219
6.83601e-06	1220
6.81384e-06	1221
6.79174e-06	1222
6.7697e-06	1223
6.74775e-06	1224
6.72586e-06	1225
6.70404e-06	1226
6.68229e-06	1227
6.66061e-06	1228
6.639e-06	1229
6.61747e-06	1230
6.596e-06	1231
6.5746e-06	1232
6.55327e-06	1233
6.53201e-06	1234
6.51081e-06	1235
6.48969e-06	1236
6.46863e-06	1237
6.44764e-06	1238
6.42672e-06	1239
6.40587e-06	1240
6.38508e-06	1241
6.36436e-06	1242
6.34371e-06	1243
6.32312e-06	1244
6.3026e-06	1245
6.28215e-06	1246
6.26176e-06	1247
6.24144e-06	1248
6.22119e-06	1249
6.201e-06	1250
6.18087e-06	1251
6.16081e-06	1252
6.14082e-06	1253
6.12089e-06	1254
6.10102e-06	1255
6.08122e-06	1256
6.06148e-06	1257
6.0418e-06	1258
6.02219e-06	1259
6.00264e-06	1260
5.98316e-06	1261
5.96374e-06	1262
5.94438e-06	1263
5.92508e-06	1264
5.90585e-06	1265
5.88668e-06	1266
5.86756e-06	1267
5.84852e-06	1268
5.82953e-06	1269
5.8106e-06	1270
5.79174e-06	1271
5.77294e-06	1272
5.75419e-06	1273
5.73551e-06	1274
5.71689e-06	1275
5.69833e-06	1276
5.67982e-06	1277
5.66138e-06	1278
5.643e-06	1279
5.62468e-06	1280
5.60641e-06	1281
5.58821e-06	1282
5.57006e-06	1283
5.55197e-06	1284
5.53395e-06	1285
5.51598e-06	1286
5.49806e-06	1287
5.48021e-06	1288
5.46241e-06	1289
5.44467e-06	1290
5.42699e-06	1291
5.40936e-06	1292
5.3918e-06	1293
5.37429e-06	1294
5.35683e-06	1295
5.33943e-06	1296
5.32209e-06	1297
5.30481e-06	1298
5.28758e-06	1299
5.2704e-06	1300
5.25328e-06	1301
5.23622e-06	1302
5.21921e-06	1303
5.20226e-06	1304
5.18536e-06	1305
5.16852e-06	1306
5.15173e-06	1307
5.13499e-06	1308
5.11831e-06	1309
5.10169e-06	1310
5.08511e-06	1311
5.06859e-06	1312
5.05213e-06	1313
5.03572e-06	1314
5.01936e-06	1315
5.00305e-06	1316
4.9868e-06	1317
4.97059e-06	1318
4.95445e-06	1319
4.93835e-06	1320
4.9223e-06	1321
4.90631e-06	1322
4.89037e-06	1323
4.87448e-06	1324
4.85864e-06	1325
4.84286e-06	1326
4.82712e-06	1327
4.81144e-06	1328
4.79581e-06	1329
4.78022e-06	1330
4.76469e-06	1331
4.74921e-06	1332
4.73377e-06	1333
4.71839e-06	1334
4.70306e-06	1335
4.68778e-06	1336
4.67254e-06	1337
4.65736e-06	1338
4.64223e-06	1339
4.62714e-06	1340
4.6121e-06	1341
4.59711e-06	1342
4.58217e-06	1343
4.56728e-06	1344
4.55244e-06	1345
4.53765e-06	1346
4.5229e-06	1347
4.5082e-06	1348
4.49355e-06	1349
4.47894e-06	1350
4.46439e-06	1351
4.44988e-06	1352
4.43541e-06	1353
4.421e-06	1354
4.40663e-06	1355
4.39231e-06	1356
4.37803e-06	1357
4.3638e-06	1358
4.34961e-06	1359
4.33548e-06	1360
4.32138e-06	1361
4.30734e-06	1362
4.29334e-06	1363
4.27938e-06	1364
4.26547e-06	1365
4.25161e-06	1366
4.23779e-06	1367
4.22401e-06	1368
4.21028e-06	1369
4.19659e-06	1370
4.18295e-06	1371
4.16935e-06	1372
4.1558e-06	1373
4.14229e-06	1374
4.12882e-06	1375
4.1154e-06	1376
4.10202e-06	1377
4.08868e-06	1378
4.07539e-06	1379
4.06214e-06	1380
4.04894e-06	1381
4.03577e-06	1382
4.02265e-06	1383
4.00957e-06	1384
3.99654e-06	1385
3.98354e-06	1386
3.97059e-06	1387
3.95768e-06	1388
3.94482e-06	1389
3.93199e-06	1390
3.91921e-06	1391
3.90646e-06	1392
3.89376e-06	1393
3.8811e-06	1394
3.86848e-06	1395
3.8559e-06	1396
3.84337e-06	1397
3.83087e-06	1398
3.81841e-06	1399
3.806e-06	1400
3.79362e-06	1401
3.78128e-06	1402
3.76899e-06	1403
3.75673e-06	1404
3.74452e-06	1405
3.73234e-06	1406
3.7202e-06	1407
3.70811e-06	1408
3.69605e-06	1409
3.68403e-06	1410
3.67205e-06	1411
3.66011e-06	1412
3.64821e-06	1413
3.63634e-06	1414
3.62452e-06	1415
3.61273e-06	1416
3.60098e-06	1417
3.58927e-06	1418
3.5776e-06	1419
3.56596e-06	1420
3.55436e-06	1421
3.54281e-06	1422
3.53128e-06	1423
3.5198e-06	1424
3.50835e-06	1425
3.49694e-06	1426
3.48557e-06	1427
3.47423e-06	1428
3.46293e-06	1429
3.45167e-06	1430
3.44044e-06	1431
3.42925e-06	1432
3.4181e-06	1433
3.40698e-06	1434
3.3959e-06	1435
3.38486e-06	1436
3.37385e-06	1437
3.36287e-06	1438
3.35194e-06	1439
3.34103e-06	1440
3.33017e-06	1441
3.31934e-06	1442
3.30854e-06	1443
3.29778e-06	1444
3.28705e-06	1445
3.27636e-06	1446
3.2657e-06	1447
3.25508e-06	1448
3.24449e-06	1449
3.23394e-06	1450
3.22342e-06	1451
3.21293e-06	1452
3.20248e-06	1453
3.19206e-06	1454
3.18168e-06	1455
3.17133e-06	1456
3.16102e-06	1457
3.15073e-06	1458
3.14048e-06	1459
3.13027e-06	1460
3.12008e-06	1461
3.10994e-06	1462
3.09982e-06	1463
3.08973e-06	1464
3.07968e-06	1465
3.06966e-06	1466
3.05968e-06	1467
3.04973e-06	1468
3.0398e-06	1469
3.02992e-06	1470
3.02006e-06	1471
3.01023e-06	1472
3.00044e-06	1473
2.99068e-06	1474
2.98095e-06	1475
2.97125e-06	1476
2.96159e-06	1477
2.95195e-06	1478
2.94235e-06	1479
2.93277e-06	1480
2.92323e-06	1481
2.91372e-06	1482
2.90424e-06	1483
2.8948e-06	1484
2.88538e-06	1485
2.87599e-06	1486
2.86663e-06	1487
2.85731e-06	1488
2.84801e-06	1489
2.83874e-06	1490
2.82951e-06	1491
2.8203e-06	1492
2.81113e-06	1493
2.80198e-06	1494
2.79286e-06	1495
2.78378e-06	1496
2.77472e-06	1497
2.76569e-06	1498
2.75669e-06	1499
2.74772e-06	1500
2.73878e-06	1501
2.72987e-06	1502
2.72099e-06	1503
2.71214e-06	1504
2.70331e-06	1505
2.69452e-06	1506
2.68575e-06	1507
2.67701e-06	1508
2.6683e-06	1509
2.65962e-06	1510
2.65097e-06	1511
2.64234e-06	1512
2.63374e-06	1513
2.62517e-06	1514
2.61663e-06	1515
2.60812e-06	1516
2.59963e-06	1517
2.59117e-06	1518
2.58274e-06	1519
2.57434e-06	1520
2.56596e-06	1521
2.55761e-06	1522
2.54929e-06	1523
2.54099e-06	1524
2.53272e-06	1525
2.52448e-06	1526
2.51627e-06	1527
2.50808e-06	1528
2.49992e-06	1529
2.49178e-06	1530
2.48368e-06	1531
2.47559e-06	1532
2.46754e-06	1533
2.45951e-06	1534
2.4515e-06	1535
2.44353e-06	1536
2.43558e-06	1537
2.42765e-06	1538
2.41975e-06	1539
2.41188e-06	1540
2.40403e-06	1541
2.3962e-06	1542
2.38841e-06	1543
2.38063e-06	1544
2.37289e-06	1545
2.36517e-06	1546
2.35747e-06	1547
2.3498e-06	1548
2.34215e-06	1549
2.33453e-06	1550
2.32693e-06	1551
2.31936e-06	1552
2.31181e-06	1553
2.30429e-06	1554
2.29679e-06	1555
2.28932e-06	1556
2.28186e-06	1557
2.27444e-06	1558
2.26704e-06	1559
2.25966e-06	1560
2.25231e-06	1561
2.24498e-06	1562
2.23767e-06	1563
2.23039e-06	1564
2.22313e-06	1565
2.21589e-06	1566
2.20868e-06	1567
2.2015e-06	1568
2.19433e-06	1569
2.18719e-06	1570
2.18007e-06	1571
2.17298e-06	1572
2.1659e-06	1573
2.15886e-06	1574
2.15183e-06	1575
2.14483e-06	1576
2.13785e-06	1577
2.13089e-06	1578
2.12395e-06	1579
2.11704e-06	1580
2.11015e-06	1581
2.10328e-06	1582
2.09644e-06	1583
2.08962e-06	1584
2.08282e-06	1585
2.07604e-06	1586
2.06928e-06	1587
2.06255e-06	1588
2.05583e-06	1589
2.04914e-06	1590
2.04247e-06	1591
2.03583e-06	1592
2.0292e-06	1593
2.0226e-06	1594
2.01601e-06	1595
2.00945e-06	1596
2.00291e-06	1597
1.99639e-06	1598
1.9899e-06	1599
1.98342e-06	1600
1.97696e-06	1601
1.97053e-06	1602
1.96412e-06	1603
1.95772e-06	1604
1.95135e-06	1605
1.945e-06	1606
1.93867e-06	1607
1.93236e-06	1608
1.92607e-06	1609
1.9198e-06	1610
1.91355e-06	1611
1.90733e-06	1612
1.90112e-06	1613
1.89493e-06	1614
1.88876e-06	1615
1.88262e-06	1616
1.87649e-06	1617
1.87038e-06	1618
1.86429e-06	1619
1.85823e-06	1620
1.85218e-06	1621
1.84615e-06	1622
1.84014e-06	1623
1.83415e-06	1624
1.82818e-06	1625
1.82223e-06	1626
1.8163e-06	1627
1.81039e-06	1628
1.8045e-06	1629
1.79862e-06	1630
1.79277e-06	1631
1.78693e-06	1632
1.78112e-06	1633
1.77532e-06	1634
1.76954e-06	1635
1.76378e-06	1636
1.75804e-06	1637
1.75232e-06	1638
1.74662e-06	1639
1.74093e-06	1640
1.73527e-06	1641
1.72962e-06	1642
1.72399e-06	1643
1.71838e-06	1644
1.71278e-06	1645
1.70721e-06	1646
1.70165e-06	1647
1.69611e-06	1648
1.69059e-06	1649
1.68509e-06	1650
1.6796e-06	1651
1.67414e-06	1652
1.66869e-06	1653
1.66326e-06	1654
1.65784e-06	1655
1.65245e-06	1656
1.64707e-06	1657
1.64171e-06	1658
1.63636e-06	1659
1.63104e-06	1660
1.62573e-06	1661
1.62044e-06	1662
1.61516e-06	1663
1.60991e-06	1664
1.60467e-06	1665
1.59944e-06	1666
1.59424e-06	1667
1.58905e-06	1668
1.58387e-06	1669
1.57872e-06	1670
1.57358e-06	1671
1.56846e-06	1672
1.56335e-06	1673
1.55826e-06	1674
1.55319e-06	1675
1.54814e-06	1676
1.5431e-06	1677
1.53808e-06	1678
1.53307e-06	1679
1.52808e-06	1680
1.5231e-06	1681
1.51815e-06	1682
1.51321e-06	1683
1.50828e-06	1684
1.50337e-06	1685
1.49848e-06	1686
1.4936e-06	1687
1.48874e-06	1688
1.48389e-06	1689
1.47906e-06	1690
1.47425e-06	1691
1.46945e-06	1692
1.46467e-06	1693
1.4599e-06	1694
1.45515e-06	1695
1.45041e-06	1696
1.44569e-06	1697
1.44098e-06	1698
1.43629e-06	1699
1.43162e-06	1700
1.42696e-06	1701
1.42231e-06	1702
1.41768e-06	1703
1.41307e-06	1704
1.40847e-06	1705
1.40388e-06	1706
1.39931e-06	1707
1.39476e-06	1708
1.39022e-06	1709
1.38569e-06	1710
1.38118e-06	1711
1.37669e-06	1712
1.37221e-06	1713
1.36774e-06	1714
1.36329e-06	1715
1.35885e-06	1716
1.35443e-06	1717
1.35002e-06	1718
1.34562e-06	1719
1.34124e-06	1720
1.33688e-06	1721
1.33253e-06	1722
1.32819e-06	1723
1.32387e-06	1724
1.31956e-06	1725
1.31526e-06	1726
1.31098e-06	1727
1.30671e-06	1728
1.30246e-06	1729
1.29822e-06	1730
1.29399e-06	1731
1.28978e-06	1732
1.28558e-06	1733
1.2814e-06	1734
1.27723e-06	1735
1.27307e-06	1736
1.26893e-06	1737
1.2648e-06	1738
1.26068e-06	1739
1.25657e-06	1740
1.25248e-06	1741
1.24841e-06	1742
1.24434e-06	1743
1.24029e-06	1744
1.23626e-06	1745
1.23223e-06	1746
1.22822e-06	1747
1.22422e-06	1748
1.22024e-06	1749
1.21627e-06	1750
1.21231e-06	1751
1.20836e-06	1752
1.20443e-06	1753
1.20051e-06	1754
1.1966e-06	1755
1.1927e-06	1756
1.18882e-06	1757
1.18495e-06	1758
1.18109e-06	1759
1.17725e-06	1760
1.17342e-06	1761
1.1696e-06	1762
1.16579e-06	1763
1.162e-06	1764
1.15821e-06	1765
1.15444e-06	1766
1.15069e-06	1767
1.14694e-06	1768
1.14321e-06	1769
1.13949e-06	1770
1.13578e-06	1771
1.13208e-06	1772
1.12839e-06	1773
1.12472e-06	1774
1.12106e-06	1775
1.11741e-06	1776
1.11377e-06	1777
1.11015e-06	1778
1.10653e-06	1779
1.10293e-06	1780
1.09934e-06	1781
1.09576e-06	1782
1.0922e-06	1783
1.08864e-06	1784
1.0851e-06	1785
1.08157e-06	1786
1.07805e-06	1787
1.07454e-06	1788
1.07104e-06	1789
1.06755e-06	1790
1.06408e-06	1791
1.06061e-06	1792
1.05716e-06	1793
1.05372e-06	1794
1.05029e-06	1795
1.04687e-06	1796
1.04346e-06	1797
1.04007e-06	1798
1.03668e-06	1799
1.03331e-06	1800
1.02994e-06	1801
1.02659e-06	1802
1.02325e-06	1803
1.01992e-06	1804
1.0166e-06	1805
1.01329e-06	1806
1.00999e-06	1807
1.0067e-06	1808
1.00343e-06	1809
1.00016e-06	1810
9.96904e-07	1811
9.93659e-07	1812
9.90425e-07	1813
9.87201e-07	1814
9.83987e-07	1815
9.80784e-07	1816
9.77592e-07	1817
9.74409e-07	1818
9.71237e-07	1819
9.68076e-07	1820
9.64925e-07	1821
9.61784e-07	1822
9.58653e-07	1823
9.55533e-07	1824
9.52422e-07	1825
9.49322e-07	1826
9.46232e-07	1827
9.43152e-07	1828
9.40082e-07	1829
9.37022e-07	1830
9.33971e-07	1831
9.30931e-07	1832
9.27901e-07	1833
9.2488e-07	1834
9.2187e-07	1835
9.18869e-07	1836
9.15878e-07	1837
9.12897e-07	1838
9.09925e-07	1839
9.06963e-07	1840
9.04011e-07	1841
9.01068e-07	1842
8.98135e-07	1843
8.95212e-07	1844
8.92298e-07	1845
8.89393e-07	1846
8.86498e-07	1847
8.83612e-07	1848
8.80736e-07	1849
8.77869e-07	1850
8.75012e-07	1851
8.72163e-07	1852
8.69324e-07	1853
8.66495e-07	1854
8.63674e-07	1855
8.60863e-07	1856
8.58061e-07	1857
8.55267e-07	1858
8.52483e-07	1859
8.49709e-07	1860
8.46943e-07	1861
8.44186e-07	1862
8.41438e-07	1863
8.38699e-07	1864
8.35969e-07	1865
8.33248e-07	1866
8.30535e-07	1867
8.27832e-07	1868
8.25137e-07	1869
8.22451e-07	1870
8.19774e-07	1871
8.17106e-07	1872
8.14446e-07	1873
8.11795e-07	1874
8.09152e-07	1875
8.06518e-07	1876
8.03893e-07	1877
8.01276e-07	1878
7.98668e-07	1879
7.96068e-07	1880
7.93477e-07	1881
7.90894e-07	1882
7.8832e-07	1883
7.85754e-07	1884
7.83196e-07	1885
7.80647e-07	1886
7.78106e-07	1887
7.75573e-07	1888
7.73048e-07	1889
7.70532e-07	1890
7.68024e-07	1891
7.65524e-07	1892
7.63032e-07	1893
7.60548e-07	1894
7.58072e-07	1895
7.55605e-07	1896
7.53145e-07	1897
7.50694e-07	1898
7.4825e-07	1899
7.45815e-07	1900
7.43387e-07	1901
7.40967e-07	1902
7.38555e-07	1903
7.36151e-07	1904
7.33755e-07	1905
7.31366e-07	1906
7.28986e-07	1907
7.26613e-07	1908
7.24248e-07	1909
7.2189e-07	1910
7.1954e-07	1911
7.17198e-07	1912
7.14864e-07	1913
7.12537e-07	1914
7.10217e-07	1915
7.07906e-07	1916
7.05601e-07	1917
7.03305e-07	1918
7.01015e-07	1919
6.98733e-07	1920
6.96459e-07	1921
6.94192e-07	1922
6.91932e-07	1923
6.8968e-07	1924
6.87435e-07	1925
6.85197e-07	1926
6.82967e-07	1927
6.80744e-07	1928
6.78528e-07	1929
6.76319e-07	1930
6.74118e-07	1931
6.71924e-07	1932
6.69736e-07	1933
6.67556e-07	1934
6.65384e-07	1935
6.63218e-07	1936
6.61059e-07	1937
6.58907e-07	1938
6.56762e-07	1939
6.54624e-07	1940
6.52494e-07	1941
6.5037e-07	1942
6.48253e-07	1943
6.46143e-07	1944
6.44039e-07	1945
6.41943e-07	1946
6.39854e-07	1947
6.37771e-07	1948
6.35695e-07	1949
6.33626e-07	1950
6.31563e-07	1951
6.29507e-07	1952
6.27458e-07	1953
6.25416e-07	1954
6.2338e-07	1955
6.21351e-07	1956
6.19328e-07	1957
6.17312e-07	1958
6.15303e-07	1959
6.133e-07	1960
6.11304e-07	1961
6.09314e-07	1962
6.07331e-07	1963
6.05354e-07	1964
6.03383e-07	1965
6.01419e-07	1966
5.99462e-07	1967
5.97511e-07	1968
5.95566e-07	1969
5.93627e-07	1970
5.91695e-07	1971
5.89769e-07	1972
5.87849e-07	1973
5.85936e-07	1974
5.84028e-07	1975
5.82127e-07	1976
5.80233e-07	1977
5.78344e-07	1978
5.76461e-07	1979
5.74585e-07	1980
5.72715e-07	1981
5.7085e-07	1982
5.68992e-07	1983
5.6714e-07	1984
5.65294e-07	1985
5.63454e-07	1986
5.6162e-07	1987
5.59792e-07	1988
5.5797e-07	1989
5.56154e-07	1990
5.54343e-07	1991
5.52539e-07	1992
5.50741e-07	1993
5.48948e-07	1994
5.47161e-07	1995
5.4538e-07	1996
5.43605e-07	1997
5.41835e-07	1998
5.40072e-07	1999
5.38314e-07	2000
5.36562e-07	2001
5.34815e-07	2002
5.33074e-07	2003
5.31339e-07	2004
5.2961e-07	2005
5.27886e-07	2006
5.26167e-07	2007
5.24455e-07	2008
5.22748e-07	2009
5.21046e-07	2010
5.1935e-07	2011
5.1766e-07	2012
5.15975e-07	2013
5.14295e-07	2014
5.12621e-07	2015
5.10953e-07	2016
5.09289e-07	2017
5.07632e-07	2018
5.05979e-07	2019
5.04332e-07	2020
5.02691e-07	2021
5.01055e-07	2022
4.99424e-07	2023
4.97798e-07	2024
4.96178e-07	2025
4.94563e-07	2026
4.92953e-07	2027
4.91348e-07	2028
4.89749e-07	2029
4.88155e-07	2030
4.86566e-07	2031
4.84982e-07	2032
4.83404e-07	2033
4.8183e-07	2034
4.80262e-07	2035
4.78699e-07	2036
4.7714e-07	2037
4.75587e-07	2038
4.74039e-07	2039
4.72496e-07	2040
4.70958e-07	2041
4.69425e-07	2042
4.67897e-07	2043
4.66374e-07	2044
4.64856e-07	2045
4.63343e-07	2046
4.61835e-07	2047
4.60332e-07	2048
4.58834e-07	2049
4.5734e-07	2050
4.55851e-07	2051
4.54368e-07	2052
4.52889e-07	2053
4.51415e-07	2054
4.49945e-07	2055
4.48481e-07	2056
4.47021e-07	2057
4.45566e-07	2058
4.44116e-07	2059
4.4267e-07	2060
4.41229e-07	2061
4.39793e-07	2062
4.38361e-07	2063
4.36935e-07	2064
4.35512e-07	2065
4.34095e-07	2066
4.32682e-07	2067
4.31274e-07	2068
4.2987e-07	2069
4.28471e-07	2070
4.27076e-07	2071
4.25686e-07	2072
4.243e-07	2073
4.22919e-07	2074
4.21543e-07	2075
4.20171e-07	2076
4.18803e-07	2077
4.1744e-07	2078
4.16081e-07	2079
4.14727e-07	2080
4.13377e-07	2081
4.12031e-07	2082
4.1069e-07	2083
4.09353e-07	2084
4.08021e-07	2085
4.06693e-07	2086
4.05369e-07	2087
4.0405e-07	2088
4.02734e-07	2089
4.01424e-07	2090
4.00117e-07	2091
3.98815e-07	2092
3.97517e-07	2093
3.96223e-07	2094
3.94933e-07	2095
3.93648e-07	2096
3.92366e-07	2097
3.91089e-07	2098
3.89816e-07	2099
3.88547e-07	2100
3.87283e-07	2101
3.86022e-07	2102
3.84766e-07	2103
3.83513e-07	2104
3.82265e-07	2105
3.81021e-07	2106
3.79781e-07	2107
3.78544e-07	2108
3.77312e-07	2109
3.76084e-07	2110
3.7486e-07	2111
3.7364e-07	2112
3.72424e-07	2113
3.71211e-07	2114
3.70003e-07	2115
3.68799e-07	2116
3.67599e-07	2117
3.66402e-07	2118
3.65209e-07	2119
3.64021e-07	2120
3.62836e-07	2121
3.61655e-07	2122
3.60478e-07	2123
3.59304e-07	2124
3.58135e-07	2125
3.56969e-07	2126
3.55807e-07	2127
3.54649e-07	2128
3.53495e-07	2129
3.52344e-07	2130
3.51197e-07	2131
3.50054e-07	2132
3.48915e-07	2133
3.47779e-07	2134
3.46647e-07	2135
3.45519e-07	2136
3.44394e-07	2137
3.43273e-07	2138
3.42156e-07	2139
3.41042e-07	2140
3.39932e-07	2141
3.38826e-07	2142
3.37723e-07	2143
3.36624e-07	2144
3.35528e-07	2145
3.34436e-07	2146
3.33347e-07	2147
3.32262e-07	2148
3.31181e-07	2149
3.30103e-07	2150
3.29029e-07	2151
3.27958e-07	2152
3.2689e-07	2153
3.25826e-07	2154
3.24766e-07	2155
3.23709e-07	2156
3.22655e-07	2157
3.21605e-07	2158
3.20558e-07	2159
3.19515e-07	2160
3.18475e-07	2161
3.17438e-07	2162
3.16405e-07	2163
3.15375e-07	2164
3.14348e-07	2165
3.13325e-07	2166
3.12305e-07	2167
3.11289e-07	2168
3.10276e-07	2169
3.09266e-07	2170
3.08259e-07	2171
3.07256e-07	2172
3.06256e-07	2173
3.05259e-07	2174
3.04265e-07	2175
3.03275e-07	2176
3.02288e-07	2177
3.01304e-07	2178
3.00323e-07	2179
2.99346e-07	2180
2.98371e-07	2181
2.974e-07	2182
2.96432e-07	2183
2.95467e-07	2184
2.94506e-07	2185
2.93547e-07	2186
2.92592e-07	2187
2.91639e-07	2188
2.9069e-07	2189
2.89744e-07	2190
2.88801e-07	2191
2.87861e-07	2192
2.86924e-07	2193
2.8599e-07	2194
2.85059e-07	2195
2.84131e-07	2196
2.83207e-07	2197
2.82285e-07	2198
2.81366e-07	2199
2.8045e-07	2200
2.79537e-07	2201
2.78628e-07	2202
2.77721e-07	2203
2.76817e-07	2204
2.75916e-07	2205
2.75018e-07	2206
2.74123e-07	2207
2.7323e-07	2208
2.72341e-07	2209
2.71455e-07	2210
2.70571e-07	2211
2.6969e-07	2212
2.68813e-07	2213
2.67938e-07	2214
2.67066e-07	2215
2.66196e-07	2216
2.6533e-07	2217
2.64466e-07	2218
2.63605e-07	2219
2.62747e-07	2220
2.61892e-07	2221
2.6104e-07	2222
2.6019e-07	2223
2.59343e-07	2224
2.58499e-07	2225
2.57658e-07	2226
2.56819e-07	2227
2.55983e-07	2228
2.5515e-07	2229
2.5432e-07	2230
2.53492e-07	2231
2.52667e-07	2232
2.51844e-07	2233
2.51025e-07	2234
2.50208e-07	2235
2.49393e-07	2236
2.48582e-07	2237
2.47772e-07	2238
2.46966e-07	2239
2.46162e-07	2240
2.45361e-07	2241
2.44562e-07	2242
2.43766e-07	2243
2.42973e-07	2244
2.42182e-07	2245
2.41394e-07	2246
2.40608e-07	2247
2.39825e-07	2248
2.39044e-07	2249
2.38266e-07	2250
2.37491e-07	2251
2.36718e-07	2252
2.35947e-07	2253
2.35179e-07	2254
2.34414e-07	2255
2.33651e-07	2256
2.3289e-07	2257
2.32132e-07	2258
2.31377e-07	2259
2.30624e-07	2260
2.29873e-07	2261
2.29125e-07	2262
2.28379e-07	2263
2.27636e-07	2264
2.26895e-07	2265
2.26156e-07	2266
2.2542e-07	2267
2.24687e-07	2268
2.23955e-07	2269
2.23226e-07	2270
2.225e-07	2271
2.21776e-07	2272
2.21054e-07	2273
2.20334e-07	2274
2.19617e-07	2275
2.18902e-07	2276
2.1819e-07	2277
2.1748e-07	2278
2.16772e-07	2279
2.16066e-07	2280
2.15363e-07	2281
2.14662e-07	2282
2.13963e-07	2283
2.13267e-07	2284
2.12573e-07	2285
2.11881e-07	2286
2.11191e-07	2287
2.10504e-07	2288
2.09819e-07	2289
2.09136e-07	2290
2.08455e-07	2291
2.07777e-07	2292
2.071e-07	2293
2.06426e-07	2294
2.05755e-07	2295
2.05085e-07	2296
2.04417e-07	2297
2.03752e-07	2298
2.03089e-07	2299
2.02428e-07	2300
2.01769e-07	2301
2.01112e-07	2302
2.00458e-07	2303
1.99805e-07	2304
1.99155e-07	2305
1.98507e-07	2306
1.97861e-07	2307
1.97217e-07	2308
1.96575e-07	2309
1.95935e-07	2310
1.95297e-07	2311
1.94661e-07	2312
1.94028e-07	2313
1.93396e-07	2314
1.92767e-07	2315
1.92139e-07	2316
1.91514e-07	2317
1.90891e-07	2318
1.90269e-07	2319
1.8965e-07	2320
1.89033e-07	2321
1.88418e-07	2322
1.87804e-07	2323
1.87193e-07	2324
1.86584e-07	2325
1.85977e-07	2326
1.85371e-07	2327
1.84768e-07	2328
1.84167e-07	2329
1.83567e-07	2330
1.8297e-07	2331
1.82374e-07	2332
1.8178e-07	2333
1.81189e-07	2334
1.80599e-07	2335
1.80011e-07	2336
1.79425e-07	2337
1.78841e-07	2338
1.78259e-07	2339
1.77679e-07	2340
1.77101e-07	2341
1.76524e-07	2342
1.7595e-07	2343
1.75377e-07	2344
1.74806e-07	2345
1.74237e-07	2346
1.7367e-07	2347
1.73105e-07	2348
1.72542e-07	2349
1.7198e-07	2350
1.7142e-07	2351
1.70862e-07	2352
1.70306e-07	2353
1.69752e-07	2354
1.69199e-07	2355
1.68649e-07	2356
1.681e-07	2357
1.67553e-07	2358
1.67007e-07	2359
1.66464e-07	2360
1.65922e-07	2361
1.65382e-07	2362
1.64844e-07	2363
1.64307e-07	2364
1.63772e-07	2365
1.63239e-07	2366
1.62708e-07	2367
1.62178e-07	2368
1.6165e-07	2369
1.61124e-07	2370
1.606e-07	2371
1.60077e-07	2372
1.59556e-07	2373
1.59037e-07	2374
1.58519e-07	2375
1.58003e-07	2376
1.57489e-07	2377
1.56976e-07	2378
1.56466e-07	2379
1.55956e-07	2380
1.55449e-07	2381
1.54943e-07	2382
1.54438e-07	2383
1.53936e-07	2384
1.53435e-07	2385
1.52935e-07	2386
1.52438e-07	2387
1.51941e-07	2388
1.51447e-07	2389
1.50954e-07	2390
1.50463e-07	2391
1.49973e-07	2392
1.49485e-07	2393
1.48998e-07	2394
1.48513e-07	2395
1.4803e-07	2396
1.47548e-07	2397
1.47068e-07	2398
1.46589e-07	2399
1.46112e-07	2400
1.45637e-07	2401
1.45163e-07	2402
1.4469e-07	2403
1.44219e-07	2404
1.4375e-07	2405
1.43282e-07	2406
1.42815e-07	2407
1.42351e-07	2408
1.41887e-07	2409
1.41426e-07	2410
1.40965e-07	2411
1.40506e-07	2412
1.40049e-07	2413
1.39593e-07	2414
1.39139e-07	2415
1.38686e-07	2416
1.38235e-07	2417
1.37785e-07	2418
1.37336e-07	2419
1.36889e-07	2420
1.36444e-07	2421
1.36e-07	2422
1.35557e-07	2423
1.35116e-07	2424
1.34676e-07	2425
1.34238e-07	2426
1.33801e-07	2427
1.33365e-07	2428
1.32931e-07	2429
1.32499e-07	2430
1.32067e-07	2431
1.31637e-07	2432
1.31209e-07	2433
1.30782e-07	2434
1.30356e-07	2435
1.29932e-07	2436
1.29509e-07	2437
1.29088e-07	2438
1.28667e-07	2439
1.28249e-07	2440
1.27831e-07	2441
1.27415e-07	2442
1.27e-07	2443
1.26587e-07	2444
1.26175e-07	2445
1.25764e-07	2446
1.25355e-07	2447
1.24947e-07	2448
1.2454e-07	2449
1.24135e-07	2450
1.23731e-07	2451
1.23328e-07	2452
1.22927e-07	2453
1.22527e-07	2454
1.22128e-07	2455
1.21731e-07	2456
1.21334e-07	2457
1.20939e-07	2458
1.20546e-07	2459
1.20153e-07	2460
1.19762e-07	2461
1.19373e-07	2462
1.18984e-07	2463
1.18597e-07	2464
1.18211e-07	2465
1.17826e-07	2466
1.17443e-07	2467
1.1706e-07	2468
1.16679e-07	2469
1.163e-07	2470
1.15921e-07	2471
1.15544e-07	2472
1.15168e-07	2473
1.14793e-07	2474
1.14419e-07	2475
1.14047e-07	2476
1.13676e-07	2477
1.13306e-07	2478
1.12937e-07	2479
1.12569e-07	2480
1.12203e-07	2481
1.11838e-07	2482
1.11474e-07	2483
1.11111e-07	2484
1.10749e-07	2485
1.10389e-07	2486
1.10029e-07	2487
1.09671e-07	2488
1.09314e-07	2489
1.08959e-07	2490
1.08604e-07	2491
1.0825e-07	2492
1.07898e-07	2493
1.07547e-07	2494
1.07197e-07	2495
1.06848e-07	2496
1.065e-07	2497
1.06154e-07	2498
1.05808e-07	2499
1.05464e-07	2500
1.0512e-07	2501
1.04778e-07	2502
1.04437e-07	2503
1.04097e-07	2504
1.03759e-07	2505
1.03421e-07	2506
1.03084e-07	2507
1.02749e-07	2508
1.02414e-07	2509
1.02081e-07	2510
1.01749e-07	2511
1.01418e-07	2512
1.01087e-07	2513
1.00758e-07	2514
1.0043e-07	2515
1.00104e-07	2516
9.97778e-08	2517
9.9453e-08	2518
9.91294e-08	2519
9.88067e-08	2520
9.84851e-08	2521
9.81646e-08	2522
9.78451e-08	2523
9.75266e-08	2524
9.72092e-08	2525
9.68928e-08	2526
9.65774e-08	2527
9.62631e-08	2528
9.59498e-08	2529
9.56375e-08	2530
9.53262e-08	2531
9.5016e-08	2532
9.47067e-08	2533
9.43984e-08	2534
9.40912e-08	2535
9.3785e-08	2536
9.34797e-08	2537
9.31755e-08	2538
9.28722e-08	2539
9.25699e-08	2540
9.22686e-08	2541
9.19683e-08	2542
9.1669e-08	2543
9.13706e-08	2544
9.10732e-08	2545
9.07768e-08	2546
9.04814e-08	2547
9.01869e-08	2548
8.98933e-08	2549
8.96007e-08	2550
8.93091e-08	2551
8.90184e-08	2552
8.87287e-08	2553
8.84399e-08	2554
8.81521e-08	2555
8.78652e-08	2556
8.75792e-08	2557
8.72941e-08	2558
8.701e-08	2559
8.67268e-08	2560
8.64445e-08	2561
8.61632e-08	2562
8.58827e-08	2563
8.56032e-08	2564
8.53246e-08	2565
8.50469e-08	2566
8.47701e-08	2567
8.44942e-08	2568
8.42192e-08	2569
8.39451e-08	2570
8.36718e-08	2571
8.33995e-08	2572
8.31281e-08	2573
8.28575e-08	2574
8.25878e-08	2575
8.2319e-08	2576
8.20511e-08	2577
8.1784e-08	2578
8.15178e-08	2579
8.12525e-08	2580
8.09881e-08	2581
8.07245e-08	2582
8.04617e-08	2583
8.01998e-08	2584
7.99388e-08	2585
7.96786e-08	2586
7.94193e-08	2587
7.91608e-08	2588
7.89032e-08	2589
7.86464e-08	2590
7.83904e-08	2591
7.81352e-08	2592
7.78809e-08	2593
7.76274e-08	2594
7.73748e-08	2595
7.71229e-08	2596
7.68719e-08	2597
7.66217e-08	2598
7.63723e-08	2599
7.61238e-08	2600
7.5876e-08	2601
7.56291e-08	2602
7.53829e-08	2603
7.51375e-08	2604
7.4893e-08	2605
7.46492e-08	2606
7.44063e-08	2607
7.41641e-08	2608
7.39227e-08	2609
7.36821e-08	2610
7.34423e-08	2611
7.32033e-08	2612
7.2965e-08	2613
7.27275e-08	2614
7.24908e-08	2615
7.22549e-08	2616
7.20197e-08	2617
7.17853e-08	2618
7.15516e-08	2619
7.13188e-08	2620
7.10866e-08	2621
7.08553e-08	2622
7.06247e-08	2623
7.03948e-08	2624
7.01657e-08	2625
6.99373e-08	2626
6.97097e-08	2627
6.94828e-08	2628
6.92566e-08	2629
6.90312e-08	2630
6.88065e-08	2631
6.85826e-08	2632
6.83594e-08	2633
6.81369e-08	2634
6.79151e-08	2635
6.76941e-08	2636
6.74737e-08	2637
6.72541e-08	2638
6.70352e-08	2639
6.6817e-08	2640
6.65996e-08	2641
6.63828e-08	2642
6.61668e-08	2643
6.59514e-08	2644
6.57367e-08	2645
6.55228e-08	2646
6.53095e-08	2647
6.5097e-08	2648
6.48851e-08	2649
6.46739e-08	2650
6.44634e-08	2651
6.42536e-08	2652
6.40445e-08	2653
6.3836e-08	2654
6.36282e-08	2655
6.34211e-08	2656
6.32147e-08	2657
6.3009e-08	2658
6.28039e-08	2659
6.25995e-08	2660
6.23957e-08	2661
6.21927e-08	2662
6.19902e-08	2663
6.17885e-08	2664
6.15874e-08	2665
6.13869e-08	2666
6.11871e-08	2667
6.0988e-08	2668
6.07895e-08	2669
6.05916e-08	2670
6.03944e-08	2671
6.01978e-08	2672
6.00019e-08	2673
5.98066e-08	2674
5.9612e-08	2675
5.94179e-08	2676
5.92245e-08	2677
5.90318e-08	2678
5.88397e-08	2679
5.86481e-08	2680
5.84573e-08	2681
5.8267e-08	2682
5.80773e-08	2683
5.78883e-08	2684
5.76999e-08	2685
5.75121e-08	2686
5.73249e-08	2687
5.71383e-08	2688
5.69524e-08	2689
5.6767e-08	2690
5.65822e-08	2691
5.63981e-08	2692
5.62145e-08	2693
5.60316e-08	2694
5.58492e-08	2695
5.56674e-08	2696
5.54862e-08	2697
5.53056e-08	2698
5.51256e-08	2699
5.49462e-08	2700
5.47674e-08	2701
5.45891e-08	2702
5.44114e-08	2703
5.42344e-08	2704
5.40578e-08	2705
5.38819e-08	2706
5.37065e-08	2707
5.35317e-08	2708
5.33575e-08	2709
5.31838e-08	2710
5.30107e-08	2711
5.28382e-08	2712
5.26662e-08	2713
5.24948e-08	2714
5.23239e-08	2715
5.21536e-08	2716
5.19839e-08	2717
5.18147e-08	2718
5.1646e-08	2719
5.14779e-08	2720
5.13104e-08	2721
5.11434e-08	2722
5.09769e-08	2723
5.0811e-08	2724
5.06456e-08	2725
5.04808e-08	2726
5.03165e-08	2727
5.01527e-08	2728
4.99895e-08	2729
4.98268e-08	2730
4.96646e-08	2731
4.9503e-08	2732
4.93419e-08	2733
4.91813e-08	2734
4.90212e-08	2735
4.88616e-08	2736
4.87026e-08	2737
4.85441e-08	2738
4.83861e-08	2739
4.82286e-08	2740
4.80716e-08	2741
4.79152e-08	2742
4.77592e-08	2743
4.76038e-08	2744
4.74488e-08	2745
4.72944e-08	2746
4.71405e-08	2747
4.6987e-08	2748
4.68341e-08	2749
4.66817e-08	2750
4.65297e-08	2751
4.63783e-08	2752
4.62273e-08	2753
4.60769e-08	2754
4.59269e-08	2755
4.57774e-08	2756
4.56284e-08	2757
4.54799e-08	2758
4.53319e-08	2759
4.51844e-08	2760
4.50373e-08	2761
4.48907e-08	2762
4.47446e-08	2763
4.4599e-08	2764
4.44538e-08	2765
4.43091e-08	2766
4.41649e-08	2767
4.40212e-08	2768
4.38779e-08	2769
4.37351e-08	2770
4.35927e-08	2771
4.34508e-08	2772
4.33094e-08	2773
4.31685e-08	2774
4.3028e-08	2775
4.28879e-08	2776
4.27483e-08	2777
4.26092e-08	2778
4.24705e-08	2779
4.23323e-08	2780
4.21945e-08	2781
4.20572e-08	2782
4.19203e-08	2783
4.17838e-08	2784
4.16478e-08	2785
4.15123e-08	2786
4.13772e-08	2787
4.12425e-08	2788
4.11083e-08	2789
4.09745e-08	2790
4.08411e-08	2791
4.07082e-08	2792
4.05757e-08	2793
4.04436e-08	2794
4.0312e-08	2795
4.01808e-08	2796
4.005e-08	2797
3.99197e-08	2798
3.97897e-08	2799
3.96602e-08	2800
3.95311e-08	2801
3.94025e-08	2802
3.92742e-08	2803
3.91464e-08	2804
3.9019e-08	2805
3.8892e-08	2806
3.87654e-08	2807
3.86392e-08	2808
3.85135e-08	2809
3.83881e-08	2810
3.82632e-08	2811
3.81386e-08	2812
3.80145e-08	2813
3.78908e-08	2814
3.77675e-08	2815
3.76445e-08	2816
3.7522e-08	2817
3.73999e-08	2818
3.72782e-08	2819
3.71568e-08	2820
3.70359e-08	2821
3.69153e-08	2822
3.67952e-08	2823
3.66754e-08	2824
3.65561e-08	2825
3.64371e-08	2826
3.63185e-08	2827
3.62003e-08	2828
3.60825e-08	2829
3.5965e-08	2830
3.5848e-08	2831
3.57313e-08	2832
3.5615e-08	2833
3.54991e-08	2834
3.53835e-08	2835
3.52684e-08	2836
3.51536e-08	2837
3.50392e-08	2838
3.49251e-08	2839
3.48114e-08	2840
3.46981e-08	2841
3.45852e-08	2842
3.44726e-08	2843
3.43604e-08	2844
3.42486e-08	2845
3.41371e-08	2846
3.4026e-08	2847
3.39153e-08	2848
3.38049e-08	2849
3.36949e-08	2850
3.35852e-08	2851
3.34759e-08	2852
3.33669e-08	2853
3.32583e-08	2854
3.31501e-08	2855
3.30422e-08	2856
3.29346e-08	2857
3.28274e-08	2858
3.27206e-08	2859
3.26141e-08	2860
3.2508e-08	2861
3.24021e-08	2862
3.22967e-08	2863
3.21916e-08	2864
3.20868e-08	2865
3.19824e-08	2866
3.18783e-08	2867
3.17745e-08	2868
3.16711e-08	2869
3.1568e-08	2870
3.14653e-08	2871
3.13629e-08	2872
3.12608e-08	2873
3.1159e-08	2874
3.10576e-08	2875
3.09565e-08	2876
3.08558e-08	2877
3.07553e-08	2878
3.06552e-08	2879
3.05555e-08	2880
3.0456e-08	2881
3.03569e-08	2882
3.02581e-08	2883
3.01596e-08	2884
3.00614e-08	2885
2.99636e-08	2886
2.98661e-08	2887
2.97689e-08	2888
2.9672e-08	2889
2.95754e-08	2890
2.94791e-08	2891
2.93832e-08	2892
2.92876e-08	2893
2.91922e-08	2894
2.90972e-08	2895
2.90025e-08	2896
2.89081e-08	2897
2.8814e-08	2898
2.87202e-08	2899
2.86268e-08	2900
2.85336e-08	2901
2.84407e-08	2902
2.83482e-08	2903
2.82559e-08	2904
2.81639e-08	2905
2.80723e-08	2906
2.79809e-08	2907
2.78898e-08	2908
2.7799e-08	2909
2.77086e-08	2910
2.76184e-08	2911
2.75285e-08	2912
2.74389e-08	2913
2.73496e-08	2914
2.72606e-08	2915
2.71718e-08	2916
2.70834e-08	2917
2.69953e-08	2918
2.69074e-08	2919
2.68198e-08	2920
2.67325e-08	2921
2.66455e-08	2922
2.65588e-08	2923
2.64723e-08	2924
2.63862e-08	2925
2.63003e-08	2926
2.62147e-08	2927
2.61294e-08	2928
2.60443e-08	2929
2.59596e-08	2930
2.58751e-08	2931
2.57909e-08	2932
2.57069e-08	2933
2.56232e-08	2934
2.55398e-08	2935
2.54567e-08	2936
2.53739e-08	2937
2.52913e-08	2938
2.5209e-08	2939
2.51269e-08	2940
2.50451e-08	2941
2.49636e-08	2942
2.48824e-08	2943
2.48014e-08	2944
2.47207e-08	2945
2.46402e-08	2946
2.456e-08	2947
2.44801e-08	2948
2.44004e-08	2949
2.4321e-08	2950
2.42418e-08	2951
2.41629e-08	2952
2.40843e-08	2953
2.40059e-08	2954
2.39277e-08	2955
2.38499e-08	2956
2.37722e-08	2957
2.36949e-08	2958
2.36177e-08	2959
2.35409e-08	2960
2.34643e-08	2961
2.33879e-08	2962
2.33118e-08	2963
2.32359e-08	2964
2.31603e-08	2965
2.30849e-08	2966
2.30097e-08	2967
2.29349e-08	2968
2.28602e-08	2969
2.27858e-08	2970
2.27116e-08	2971
2.26377e-08	2972
2.2564e-08	2973
2.24906e-08	2974
2.24174e-08	2975
2.23444e-08	2976
2.22717e-08	2977
2.21992e-08	2978
2.2127e-08	2979
2.20549e-08	2980
2.19832e-08	2981
2.19116e-08	2982
2.18403e-08	2983
2.17692e-08	2984
2.16984e-08	2985
2.16277e-08	2986
2.15573e-08	2987
2.14872e-08	2988
2.14172e-08	2989
2.13475e-08	2990
2.12781e-08	2991
2.12088e-08	2992
2.11398e-08	2993
2.1071e-08	2994
2.10024e-08	2995
2.0934e-08	2996
2.08659e-08	2997
2.0798e-08	2998
2.07303e-08	2999
2.06628e-08	3000
2.05956e-08	3001
2.05285e-08	3002
2.04617e-08	3003
2.03951e-08	3004
2.03287e-08	3005
2.02626e-08	3006
2.01966e-08	3007
2.01309e-08	3008
2.00654e-08	3009
2.00001e-08	3010
1.9935e-08	3011
1.98701e-08	3012
1.98054e-08	3013
1.97409e-08	3014
1.96767e-08	3015
1.96126e-08	3016
1.95488e-08	3017
1.94852e-08	3018
1.94218e-08	3019
1.93585e-08	3020
1.92955e-08	3021
1.92327e-08	3022
1.91701e-08	3023
1.91077e-08	3024
1.90456e-08	3025
1.89836e-08	3026
1.89218e-08	3027
1.88602e-08	3028
1.87988e-08	3029
1.87376e-08	3030
1.86766e-08	3031
1.86158e-08	3032
1.85553e-08	3033
1.84949e-08	3034
1.84347e-08	3035
1.83747e-08	3036
1.83149e-08	3037
1.82553e-08	3038
1.81958e-08	3039
1.81366e-08	3040
1.80776e-08	3041
1.80187e-08	3042
1.79601e-08	3043
1.79016e-08	3044
1.78434e-08	3045
1.77853e-08	3046
1.77274e-08	3047
1.76697e-08	3048
1.76122e-08	3049
1.75549e-08	3050
1.74977e-08	3051
1.74408e-08	3052
1.7384e-08	3053
1.73274e-08	3054
1.7271e-08	3055
1.72148e-08	3056
1.71588e-08	3057
1.7103e-08	3058
1.70473e-08	3059
1.69918e-08	3060
1.69365e-08	3061
1.68814e-08	3062
1.68264e-08	3063
1.67717e-08	3064
1.67171e-08	3065
1.66627e-08	3066
1.66084e-08	3067
1.65544e-08	3068
1.65005e-08	3069
1.64468e-08	3070
1.63933e-08	3071
1.63399e-08	3072
1.62867e-08	3073
1.62337e-08	3074
1.61809e-08	3075
1.61282e-08	3076
1.60757e-08	3077
1.60234e-08	3078
1.59712e-08	3079
1.59193e-08	3080
1.58674e-08	3081
1.58158e-08	3082
1.57643e-08	3083
1.5713e-08	3084
1.56619e-08	3085
1.56109e-08	3086
1.55601e-08	3087
1.55094e-08	3088
1.5459e-08	3089
1.54087e-08	3090
1.53585e-08	3091
1.53085e-08	3092
1.52587e-08	3093
1.5209e-08	3094
1.51595e-08	3095
1.51102e-08	3096
1.5061e-08	3097
1.5012e-08	3098
1.49631e-08	3099
1.49144e-08	3100
1.48659e-08	3101
1.48175e-08	3102
1.47693e-08	3103
1.47212e-08	3104
1.46733e-08	3105
1.46255e-08	3106
1.45779e-08	3107
1.45305e-08	3108
1.44832e-08	3109
1.4436e-08	3110
1.43891e-08	3111
1.43422e-08	3112
1.42955e-08	3113
1.4249e-08	3114
1.42026e-08	3115
1.41564e-08	3116
1.41103e-08	3117
1.40644e-08	3118
1.40186e-08	3119
1.3973e-08	3120
1.39275e-08	3121
1.38822e-08	3122
1.3837e-08	3123
1.3792e-08	3124
1.37471e-08	3125
1.37023e-08	3126
1.36577e-08	3127
1.36133e-08	3128
1.3569e-08	3129
1.35248e-08	3130
1.34808e-08	3131
1.34369e-08	3132
1.33932e-08	3133
1.33496e-08	3134
1.33061e-08	3135
1.32628e-08	3136
1.32197e-08	3137
1.31766e-08	3138
1.31338e-08	3139
1.3091e-08	3140
1.30484e-08	3141
1.30059e-08	3142
1.29636e-08	3143
1.29214e-08	3144
1.28793e-08	3145
1.28374e-08	3146
1.27956e-08	3147
1.2754e-08	3148
1.27125e-08	3149
1.26711e-08	3150
1.26299e-08	3151
1.25888e-08	3152
1.25478e-08	3153
1.25069e-08	3154
1.24662e-08	3155
1.24257e-08	3156
1.23852e-08	3157
1.23449e-08	3158
1.23047e-08	3159
1.22647e-08	3160
1.22248e-08	3161
1.2185e-08	3162
1.21453e-08	3163
1.21058e-08	3164
1.20664e-08	3165
1.20271e-08	3166
1.1988e-08	3167
1.1949e-08	3168
1.19101e-08	3169
1.18713e-08	3170
1.18327e-08	3171
1.17941e-08	3172
1.17558e-08	3173
1.17175e-08	3174
1.16794e-08	3175
1.16413e-08	3176
1.16035e-08	3177
1.15657e-08	3178
1.1528e-08	3179
1.14905e-08	3180
1.14531e-08	3181
1.14158e-08	3182
1.13787e-08	3183
1.13417e-08	3184
1.13047e-08	3185
1.12679e-08	3186
1.12313e-08	3187
1.11947e-08	3188
1.11583e-08	3189
1.1122e-08	3190
1.10858e-08	3191
1.10497e-08	3192
1.10137e-08	3193
1.09779e-08	3194
1.09421e-08	3195
1.09065e-08	3196
1.0871e-08	3197
1.08356e-08	3198
1.08004e-08	3199
1.07652e-08	3200
1.07302e-08	3201
1.06953e-08	3202
1.06605e-08	3203
1.06258e-08	3204
1.05912e-08	3205
1.05567e-08	3206
1.05223e-08	3207
1.04881e-08	3208
1.0454e-08	3209
1.04199e-08	3210
1.0386e-08	3211
1.03522e-08	3212
1.03185e-08	3213
1.02849e-08	3214
1.02515e-08	3215
1.02181e-08	3216
1.01848e-08	3217
1.01517e-08	3218
1.01186e-08	3219
1.00857e-08	3220
1.00529e-08	3221
1.00202e-08	3222
9.98755e-09	3223
