0.0581859	1
0.028142	2
0.0153614	3
0.0114995	4
0.00839691	5
0.00709477	6
0.00612317	7
0.00544069	8
0.00490486	9
0.00447027	10
0.00411248	11
0.00381166	12
0.00355457	13
0.00333184	14
0.00313686	15
0.00296465	16
0.00281133	17
0.00267385	18
0.00254981	19
0.00243726	20
0.00233463	21
0.00224064	22
0.0021542	23
0.00207442	24
0.00200052	25
0.00193187	26
0.0018679	27
0.00180815	28
0.00175219	29
0.00169966	30
0.00165026	31
0.0016037	32
0.00155973	33
0.00151814	34
0.00147874	35
0.00144135	36
0.00140582	37
0.00137201	38
0.00133979	39
0.00130905	40
0.0012797	41
0.00125162	42
0.00122475	43
0.001199	44
0.0011743	45
0.00115059	46
0.0011278	47
0.00110589	48
0.0010848	49
0.00106449	50
0.00104491	51
0.00102602	52
0.00100778	53
0.000990172	54
0.000973147	55
0.000956683	56
0.000940749	57
0.000925321	58
0.000910375	59
0.000895886	60
0.000881836	61
0.000868201	62
0.000854966	63
0.00084211	64
0.00082962	65
0.000817477	66
0.00080567	67
0.000794181	68
0.000782998	69
0.000772112	70
0.000761506	71
0.000751174	72
0.0007411	73
0.00073128	74
0.0007217	75
0.000712352	76
0.00070323	77
0.000694323	78
0.000685622	79
0.000677125	80
0.000668821	81
0.000660703	82
0.000652764	83
0.000645004	84
0.000637411	85
0.000629981	86
0.000622707	87
0.00061559	88
0.000608619	89
0.000601792	90
0.000595101	91
0.000588552	92
0.000582124	93
0.000575829	94
0.000569656	95
0.000563602	96
0.000557663	97
0.000551835	98
0.000546121	99
0.00054051	100
0.000535003	101
0.000529597	102
0.000524288	103
0.000519074	104
0.000513952	105
0.000508919	106
0.000503979	107
0.000499117	108
0.000494342	109
0.000489649	110
0.000485033	111
0.000480495	112
0.000476032	113
0.000471642	114
0.000467323	115
0.000463074	116
0.000458892	117
0.00045478	118
0.000450728	119
0.000446742	120
0.000442819	121
0.000438954	122
0.000435149	123
0.000431402	124
0.000427711	125
0.000424075	126
0.000420494	127
0.000416965	128
0.000413487	129
0.00041006	130
0.000406682	131
0.000403354	132
0.000400071	133
0.000396835	134
0.000393646	135
0.0003905	136
0.000387397	137
0.000384338	138
0.00038132	139
0.000378343	140
0.000375407	141
0.000372509	142
0.00036965	143
0.000366829	144
0.000364045	145
0.000361298	146
0.000358586	147
0.000355909	148
0.000353266	149
0.000350656	150
0.000348082	151
0.000345536	152
0.000343026	153
0.000340545	154
0.000338095	155
0.000335676	156
0.000333286	157
0.000330925	158
0.000328592	159
0.000326288	160
0.000324011	161
0.000321762	162
0.000319538	163
0.000317341	164
0.00031517	165
0.000313024	166
0.000310903	167
0.000308806	168
0.000306733	169
0.000304686	170
0.000302656	171
0.000300658	172
0.000298673	173
0.000296716	174
0.000294779	175
0.000292863	176
0.000290968	177
0.000289095	178
0.000287241	179
0.000285408	180
0.000283594	181
0.0002818	182
0.000280025	183
0.000278269	184
0.000276531	185
0.000274811	186
0.00027311	187
0.000271426	188
0.000269759	189
0.00026811	190
0.000266478	191
0.000264862	192
0.000263262	193
0.000261679	194
0.000260112	195
0.000258564	196
0.00025702	197
0.000255508	198
0.000253996	199
0.000252506	200
0.000251029	201
0.000249567	202
0.000248119	203
0.000246685	204
0.000245265	205
0.000243858	206
0.000242464	207
0.000241084	208
0.000239717	209
0.000238363	210
0.000237021	211
0.000235692	212
0.000234375	213
0.00023307	214
0.000231778	215
0.000230497	216
0.000229227	217
0.00022797	218
0.000226723	219
0.000225488	220
0.000224264	221
0.00022305	222
0.000221848	223
0.000220656	224
0.000219474	225
0.000218308	226
0.000217136	227
0.000215998	228
0.000214844	229
0.000213726	230
0.000212596	231
0.000211486	232
0.000210384	233
0.00020929	234
0.000208207	235
0.000207132	236
0.000206066	237
0.000205009	238
0.000203961	239
0.000202922	240
0.000201891	241
0.000200868	242
0.000199854	243
0.000198848	244
0.000197851	245
0.000196861	246
0.000195879	247
0.000194905	248
0.000193939	249
0.000192981	250
0.00019203	251
0.000191086	252
0.00019015	253
0.000189221	254
0.0001883	255
0.000187386	256
0.000186478	257
0.000185578	258
0.000184684	259
0.000183798	260
0.000182918	261
0.000182044	262
0.000181185	263
0.00018031	264
0.000179472	265
0.000178608	266
0.000177783	267
0.000176932	268
0.00017612	269
0.000175288	270
0.000174472	271
0.000173662	272
0.000172857	273
0.000172058	274
0.000171264	275
0.000170477	276
0.000169695	277
0.000168919	278
0.000168148	279
0.000167383	280
0.000166623	281
0.000165868	282
0.000165119	283
0.000164375	284
0.000163636	285
0.000162902	286
0.000162173	287
0.000161449	288
0.00016073	289
0.000160017	290
0.000159307	291
0.000158603	292
0.000157904	293
0.000157209	294
0.000156519	295
0.000155833	296
0.000155152	297
0.000154476	298
0.000153804	299
0.000153136	300
0.000152473	301
0.000151814	302
0.00015116	303
0.00015051	304
0.000149864	305
0.00014923	306
0.000148575	307
0.00014796	308
0.000147311	309
0.000146704	310
0.000146064	311
0.000145465	312
0.000144833	313
0.000144241	314
0.000143617	315
0.000143032	316
0.000142424	317
0.00014183	318
0.000141239	319
0.000140651	320
0.000140067	321
0.000139487	322
0.00013891	323
0.000138337	324
0.000137767	325
0.000137201	326
0.000136638	327
0.000136078	328
0.000135522	329
0.000134969	330
0.000134419	331
0.000133873	332
0.00013333	333
0.00013279	334
0.000132253	335
0.00013172	336
0.000131189	337
0.000130662	338
0.000130137	339
0.000129616	340
0.000129098	341
0.000128583	342
0.00012807	343
0.000127561	344
0.000127054	345
0.000126551	346
0.00012605	347
0.000125552	348
0.000125057	349
0.000124565	350
0.000124075	351
0.000123588	352
0.000123104	353
0.000122623	354
0.000122144	355
0.000121668	356
0.000121194	357
0.000120732	358
0.000120245	359
0.000119799	360
0.000119316	361
0.000118874	362
0.000118398	363
0.00011796	364
0.000117489	365
0.000117056	366
0.000116589	367
0.000116162	368
0.0001157	369
0.000115276	370
0.000114828	371
0.000114391	372
0.000113957	373
0.000113525	374
0.000113095	375
0.000112668	376
0.000112242	377
0.000111819	378
0.000111398	379
0.00011098	380
0.000110563	381
0.000110148	382
0.000109736	383
0.000109326	384
0.000108918	385
0.000108512	386
0.000108108	387
0.000107706	388
0.000107306	389
0.000106908	390
0.000106512	391
0.000106118	392
0.000105726	393
0.000105336	394
0.000104948	395
0.000104562	396
0.000104178	397
0.000103795	398
0.000103415	399
0.000103036	400
0.00010266	401
0.000102285	402
0.000101912	403
0.00010154	404
0.000101171	405
0.000100803	406
0.000100437	407
0.000100073	408
9.97108e-05	409
9.93501e-05	410
9.89912e-05	411
9.8634e-05	412
9.82785e-05	413
9.79247e-05	414
9.75725e-05	415
9.7222e-05	416
9.68732e-05	417
9.6526e-05	418
9.61804e-05	419
9.58365e-05	420
9.54941e-05	421
9.51534e-05	422
9.48142e-05	423
9.44766e-05	424
9.41406e-05	425
9.38061e-05	426
9.34732e-05	427
9.31418e-05	428
9.28119e-05	429
9.24835e-05	430
9.21566e-05	431
9.18312e-05	432
9.15073e-05	433
9.11848e-05	434
9.08638e-05	435
9.05443e-05	436
9.02262e-05	437
8.99095e-05	438
8.95942e-05	439
8.92804e-05	440
8.89679e-05	441
8.86569e-05	442
8.83472e-05	443
8.80389e-05	444
8.7732e-05	445
8.74264e-05	446
8.71222e-05	447
8.68193e-05	448
8.65177e-05	449
8.62175e-05	450
8.59185e-05	451
8.56209e-05	452
8.53246e-05	453
8.50295e-05	454
8.47358e-05	455
8.44433e-05	456
8.4152e-05	457
8.38621e-05	458
8.35733e-05	459
8.32858e-05	460
8.29996e-05	461
8.27145e-05	462
8.24307e-05	463
8.21481e-05	464
8.18667e-05	465
8.15865e-05	466
8.13074e-05	467
8.10296e-05	468
8.07529e-05	469
8.04774e-05	470
8.0203e-05	471
7.99298e-05	472
7.96577e-05	473
7.93868e-05	474
7.9117e-05	475
7.88483e-05	476
7.85807e-05	477
7.83142e-05	478
7.80489e-05	479
7.77846e-05	480
7.75214e-05	481
7.72593e-05	482
7.69983e-05	483
7.67384e-05	484
7.64795e-05	485
7.62217e-05	486
7.59649e-05	487
7.57091e-05	488
7.54545e-05	489
7.52008e-05	490
7.49482e-05	491
7.46965e-05	492
7.44459e-05	493
7.41963e-05	494
7.39478e-05	495
7.37002e-05	496
7.34536e-05	497
7.32079e-05	498
7.29633e-05	499
7.27196e-05	500
7.24769e-05	501
7.22352e-05	502
7.19944e-05	503
7.17546e-05	504
7.15158e-05	505
7.12778e-05	506
7.10408e-05	507
7.08048e-05	508
7.05696e-05	509
7.03354e-05	510
7.01021e-05	511
6.98697e-05	512
6.96383e-05	513
6.94077e-05	514
6.9178e-05	515
6.89492e-05	516
6.87213e-05	517
6.84943e-05	518
6.82681e-05	519
6.80428e-05	520
6.78184e-05	521
6.75949e-05	522
6.73722e-05	523
6.71503e-05	524
6.69294e-05	525
6.67092e-05	526
6.64899e-05	527
6.62714e-05	528
6.60538e-05	529
6.5837e-05	530
6.5621e-05	531
6.54058e-05	532
6.51915e-05	533
6.49779e-05	534
6.47652e-05	535
6.45532e-05	536
6.43421e-05	537
6.41317e-05	538
6.39222e-05	539
6.37134e-05	540
6.35054e-05	541
6.32982e-05	542
6.30917e-05	543
6.2886e-05	544
6.26811e-05	545
6.24769e-05	546
6.22735e-05	547
6.20709e-05	548
6.1869e-05	549
6.16678e-05	550
6.14674e-05	551
6.12677e-05	552
6.10688e-05	553
6.08706e-05	554
6.06731e-05	555
6.04763e-05	556
6.02803e-05	557
6.0085e-05	558
5.98903e-05	559
5.96964e-05	560
5.95032e-05	561
5.93107e-05	562
5.91189e-05	563
5.89278e-05	564
5.87374e-05	565
5.85477e-05	566
5.83587e-05	567
5.81703e-05	568
5.79826e-05	569
5.77956e-05	570
5.76093e-05	571
5.74236e-05	572
5.72387e-05	573
5.70543e-05	574
5.68706e-05	575
5.66876e-05	576
5.65053e-05	577
5.63236e-05	578
5.61425e-05	579
5.59621e-05	580
5.57823e-05	581
5.56031e-05	582
5.54246e-05	583
5.52468e-05	584
5.50695e-05	585
5.48929e-05	586
5.47169e-05	587
5.45415e-05	588
5.43668e-05	589
5.41926e-05	590
5.40191e-05	591
5.38462e-05	592
5.36738e-05	593
5.35021e-05	594
5.3331e-05	595
5.31605e-05	596
5.29906e-05	597
5.28213e-05	598
5.26525e-05	599
5.24844e-05	600
5.23168e-05	601
5.21498e-05	602
5.19834e-05	603
5.18176e-05	604
5.16524e-05	605
5.14877e-05	606
5.13236e-05	607
5.116e-05	608
5.09971e-05	609
5.08347e-05	610
5.06728e-05	611
5.05115e-05	612
5.03508e-05	613
5.01906e-05	614
5.00309e-05	615
4.98718e-05	616
4.97133e-05	617
4.95553e-05	618
4.93978e-05	619
4.92409e-05	620
4.90845e-05	621
4.89286e-05	622
4.87733e-05	623
4.86185e-05	624
4.84642e-05	625
4.83105e-05	626
4.81573e-05	627
4.80045e-05	628
4.78524e-05	629
4.77007e-05	630
4.75495e-05	631
4.73989e-05	632
4.72487e-05	633
4.70991e-05	634
4.695e-05	635
4.68014e-05	636
4.66532e-05	637
4.65056e-05	638
4.63585e-05	639
4.62118e-05	640
4.60657e-05	641
4.59201e-05	642
4.57749e-05	643
4.56302e-05	644
4.5486e-05	645
4.53423e-05	646
4.51991e-05	647
4.50563e-05	648
4.49141e-05	649
4.47723e-05	650
4.46309e-05	651
4.44901e-05	652
4.43497e-05	653
4.42098e-05	654
4.40703e-05	655
4.39313e-05	656
4.37928e-05	657
4.36547e-05	658
4.35171e-05	659
4.33799e-05	660
4.32432e-05	661
4.3107e-05	662
4.29712e-05	663
4.28358e-05	664
4.27009e-05	665
4.25665e-05	666
4.24324e-05	667
4.22989e-05	668
4.21657e-05	669
4.2033e-05	670
4.19008e-05	671
4.17689e-05	672
4.16376e-05	673
4.15066e-05	674
4.13761e-05	675
4.1246e-05	676
4.11163e-05	677
4.0987e-05	678
4.08582e-05	679
4.07298e-05	680
4.06018e-05	681
4.04742e-05	682
4.03471e-05	683
4.02203e-05	684
4.0094e-05	685
3.99681e-05	686
3.98426e-05	687
3.97175e-05	688
3.95928e-05	689
3.94685e-05	690
3.93447e-05	691
3.92212e-05	692
3.90981e-05	693
3.89754e-05	694
3.88532e-05	695
3.87313e-05	696
3.86098e-05	697
3.84887e-05	698
3.8368e-05	699
3.82477e-05	700
3.81278e-05	701
3.80083e-05	702
3.78891e-05	703
3.77704e-05	704
3.7652e-05	705
3.7534e-05	706
3.74164e-05	707
3.72991e-05	708
3.71823e-05	709
3.70658e-05	710
3.69497e-05	711
3.6834e-05	712
3.67186e-05	713
3.66036e-05	714
3.6489e-05	715
3.63748e-05	716
3.62609e-05	717
3.61474e-05	718
3.60342e-05	719
3.59214e-05	720
3.5809e-05	721
3.56969e-05	722
3.55852e-05	723
3.54739e-05	724
3.53629e-05	725
3.52523e-05	726
3.5142e-05	727
3.5032e-05	728
3.49225e-05	729
3.48132e-05	730
3.47043e-05	731
3.45958e-05	732
3.44876e-05	733
3.43798e-05	734
3.42723e-05	735
3.41651e-05	736
3.40583e-05	737
3.39518e-05	738
3.38457e-05	739
3.37399e-05	740
3.36345e-05	741
3.35293e-05	742
3.34245e-05	743
3.33201e-05	744
3.3216e-05	745
3.31122e-05	746
3.30087e-05	747
3.29056e-05	748
3.28028e-05	749
3.27003e-05	750
3.25981e-05	751
3.24963e-05	752
3.23948e-05	753
3.22936e-05	754
3.21927e-05	755
3.20922e-05	756
3.19919e-05	757
3.1892e-05	758
3.17924e-05	759
3.16932e-05	760
3.15942e-05	761
3.14955e-05	762
3.13972e-05	763
3.12992e-05	764
3.12014e-05	765
3.1104e-05	766
3.10069e-05	767
3.09101e-05	768
3.08136e-05	769
3.07174e-05	770
3.06216e-05	771
3.0526e-05	772
3.04307e-05	773
3.03357e-05	774
3.0241e-05	775
3.01466e-05	776
3.00526e-05	777
2.99588e-05	778
2.98653e-05	779
2.97721e-05	780
2.96792e-05	781
2.95865e-05	782
2.94942e-05	783
2.94022e-05	784
2.93104e-05	785
2.9219e-05	786
2.91278e-05	787
2.90369e-05	788
2.89463e-05	789
2.8856e-05	790
2.8766e-05	791
2.86762e-05	792
2.85868e-05	793
2.84976e-05	794
2.84087e-05	795
2.83201e-05	796
2.82317e-05	797
2.81436e-05	798
2.80558e-05	799
2.79683e-05	800
2.78811e-05	801
2.77941e-05	802
2.77074e-05	803
2.7621e-05	804
2.75348e-05	805
2.74489e-05	806
2.73633e-05	807
2.72779e-05	808
2.71929e-05	809
2.7108e-05	810
2.70235e-05	811
2.69392e-05	812
2.68552e-05	813
2.67714e-05	814
2.66879e-05	815
2.66047e-05	816
2.65217e-05	817
2.6439e-05	818
2.63565e-05	819
2.62743e-05	820
2.61924e-05	821
2.61107e-05	822
2.60292e-05	823
2.5948e-05	824
2.58671e-05	825
2.57864e-05	826
2.5706e-05	827
2.56258e-05	828
2.55459e-05	829
2.54662e-05	830
2.53868e-05	831
2.53076e-05	832
2.52287e-05	833
2.515e-05	834
2.50716e-05	835
2.49934e-05	836
2.49154e-05	837
2.48377e-05	838
2.47602e-05	839
2.4683e-05	840
2.4606e-05	841
2.45293e-05	842
2.44528e-05	843
2.43765e-05	844
2.43004e-05	845
2.42247e-05	846
2.41491e-05	847
2.40738e-05	848
2.39987e-05	849
2.39238e-05	850
2.38492e-05	851
2.37748e-05	852
2.37006e-05	853
2.36267e-05	854
2.3553e-05	855
2.34795e-05	856
2.34063e-05	857
2.33333e-05	858
2.32605e-05	859
2.31879e-05	860
2.31156e-05	861
2.30435e-05	862
2.29716e-05	863
2.28999e-05	864
2.28285e-05	865
2.27573e-05	866
2.26863e-05	867
2.26155e-05	868
2.25449e-05	869
2.24746e-05	870
2.24045e-05	871
2.23346e-05	872
2.22649e-05	873
2.21954e-05	874
2.21262e-05	875
2.20571e-05	876
2.19883e-05	877
2.19197e-05	878
2.18513e-05	879
2.17831e-05	880
2.17151e-05	881
2.16474e-05	882
2.15798e-05	883
2.15125e-05	884
2.14453e-05	885
2.13784e-05	886
2.13117e-05	887
2.12452e-05	888
2.11789e-05	889
2.11128e-05	890
2.10469e-05	891
2.09812e-05	892
2.09157e-05	893
2.08504e-05	894
2.07853e-05	895
2.07204e-05	896
2.06558e-05	897
2.05913e-05	898
2.0527e-05	899
2.04629e-05	900
2.0399e-05	901
2.03354e-05	902
2.02719e-05	903
2.02086e-05	904
2.01455e-05	905
2.00826e-05	906
2.00199e-05	907
1.99574e-05	908
1.98951e-05	909
1.98329e-05	910
1.9771e-05	911
1.97093e-05	912
1.96477e-05	913
1.95864e-05	914
1.95252e-05	915
1.94642e-05	916
1.94035e-05	917
1.93429e-05	918
1.92825e-05	919
1.92222e-05	920
1.91622e-05	921
1.91023e-05	922
1.90427e-05	923
1.89832e-05	924
1.89239e-05	925
1.88648e-05	926
1.88059e-05	927
1.87471e-05	928
1.86886e-05	929
1.86302e-05	930
1.8572e-05	931
1.85139e-05	932
1.84561e-05	933
1.83984e-05	934
1.8341e-05	935
1.82836e-05	936
1.82265e-05	937
1.81696e-05	938
1.81128e-05	939
1.80562e-05	940
1.79998e-05	941
1.79435e-05	942
1.78874e-05	943
1.78315e-05	944
1.77758e-05	945
1.77203e-05	946
1.76649e-05	947
1.76097e-05	948
1.75546e-05	949
1.74997e-05	950
1.7445e-05	951
1.73905e-05	952
1.73361e-05	953
1.7282e-05	954
1.72279e-05	955
1.71741e-05	956
1.71204e-05	957
1.70668e-05	958
1.70135e-05	959
1.69603e-05	960
1.69073e-05	961
1.68544e-05	962
1.68017e-05	963
1.67491e-05	964
1.66968e-05	965
1.66446e-05	966
1.65925e-05	967
1.65406e-05	968
1.64889e-05	969
1.64373e-05	970
1.63859e-05	971
1.63346e-05	972
1.62836e-05	973
1.62326e-05	974
1.61818e-05	975
1.61312e-05	976
1.60808e-05	977
1.60304e-05	978
1.59803e-05	979
1.59303e-05	980
1.58805e-05	981
1.58308e-05	982
1.57812e-05	983
1.57319e-05	984
1.56826e-05	985
1.56336e-05	986
1.55846e-05	987
1.55359e-05	988
1.54872e-05	989
1.54388e-05	990
1.53905e-05	991
1.53423e-05	992
1.52943e-05	993
1.52464e-05	994
1.51987e-05	995
1.51511e-05	996
1.51037e-05	997
1.50564e-05	998
1.50093e-05	999
1.49623e-05	1000
1.49154e-05	1001
1.48687e-05	1002
1.48222e-05	1003
1.47758e-05	1004
1.47295e-05	1005
1.46834e-05	1006
1.46374e-05	1007
1.45916e-05	1008
1.45459e-05	1009
1.45003e-05	1010
1.44549e-05	1011
1.44097e-05	1012
1.43645e-05	1013
1.43195e-05	1014
1.42747e-05	1015
1.423e-05	1016
1.41854e-05	1017
1.4141e-05	1018
1.40967e-05	1019
1.40525e-05	1020
1.40085e-05	1021
1.39646e-05	1022
1.39209e-05	1023
1.38772e-05	1024
1.38338e-05	1025
1.37904e-05	1026
1.37472e-05	1027
1.37041e-05	1028
1.36612e-05	1029
1.36184e-05	1030
1.35757e-05	1031
1.35332e-05	1032
1.34908e-05	1033
1.34485e-05	1034
1.34063e-05	1035
1.33643e-05	1036
1.33224e-05	1037
1.32807e-05	1038
1.3239e-05	1039
1.31975e-05	1040
1.31562e-05	1041
1.31149e-05	1042
1.30738e-05	1043
1.30328e-05	1044
1.2992e-05	1045
1.29512e-05	1046
1.29106e-05	1047
1.28701e-05	1048
1.28298e-05	1049
1.27896e-05	1050
1.27494e-05	1051
1.27095e-05	1052
1.26696e-05	1053
1.26299e-05	1054
1.25903e-05	1055
1.25508e-05	1056
1.25114e-05	1057
1.24722e-05	1058
1.24331e-05	1059
1.23941e-05	1060
1.23552e-05	1061
1.23164e-05	1062
1.22778e-05	1063
1.22393e-05	1064
1.22009e-05	1065
1.21626e-05	1066
1.21245e-05	1067
1.20864e-05	1068
1.20485e-05	1069
1.20107e-05	1070
1.1973e-05	1071
1.19354e-05	1072
1.1898e-05	1073
1.18606e-05	1074
1.18234e-05	1075
1.17863e-05	1076
1.17493e-05	1077
1.17125e-05	1078
1.16757e-05	1079
1.16391e-05	1080
1.16025e-05	1081
1.15661e-05	1082
1.15298e-05	1083
1.14936e-05	1084
1.14575e-05	1085
1.14216e-05	1086
1.13857e-05	1087
1.135e-05	1088
1.13143e-05	1089
1.12788e-05	1090
1.12434e-05	1091
1.12081e-05	1092
1.11729e-05	1093
1.11378e-05	1094
1.11028e-05	1095
1.1068e-05	1096
1.10332e-05	1097
1.09986e-05	1098
1.0964e-05	1099
1.09296e-05	1100
1.08953e-05	1101
1.08611e-05	1102
1.08269e-05	1103
1.07929e-05	1104
1.0759e-05	1105
1.07252e-05	1106
1.06916e-05	1107
1.0658e-05	1108
1.06245e-05	1109
1.05911e-05	1110
1.05578e-05	1111
1.05247e-05	1112
1.04916e-05	1113
1.04586e-05	1114
1.04258e-05	1115
1.0393e-05	1116
1.03604e-05	1117
1.03278e-05	1118
1.02954e-05	1119
1.0263e-05	1120
1.02308e-05	1121
1.01986e-05	1122
1.01666e-05	1123
1.01346e-05	1124
1.01028e-05	1125
1.0071e-05	1126
1.00393e-05	1127
1.00078e-05	1128
9.97634e-06	1129
9.94498e-06	1130
9.91372e-06	1131
9.88255e-06	1132
9.85149e-06	1133
9.82052e-06	1134
9.78965e-06	1135
9.75887e-06	1136
9.72819e-06	1137
9.6976e-06	1138
9.66711e-06	1139
9.63672e-06	1140
9.60642e-06	1141
9.57621e-06	1142
9.5461e-06	1143
9.51608e-06	1144
9.48616e-06	1145
9.45633e-06	1146
9.42659e-06	1147
9.39694e-06	1148
9.36739e-06	1149
9.33793e-06	1150
9.30856e-06	1151
9.27928e-06	1152
9.2501e-06	1153
9.221e-06	1154
9.192e-06	1155
9.16308e-06	1156
9.13426e-06	1157
9.10552e-06	1158
9.07688e-06	1159
9.04833e-06	1160
9.01986e-06	1161
8.99148e-06	1162
8.96319e-06	1163
8.93499e-06	1164
8.90688e-06	1165
8.87886e-06	1166
8.85092e-06	1167
8.82307e-06	1168
8.79531e-06	1169
8.76763e-06	1170
8.74004e-06	1171
8.71254e-06	1172
8.68512e-06	1173
8.65779e-06	1174
8.63054e-06	1175
8.60338e-06	1176
8.5763e-06	1177
8.54931e-06	1178
8.5224e-06	1179
8.49557e-06	1180
8.46883e-06	1181
8.44218e-06	1182
8.4156e-06	1183
8.38911e-06	1184
8.3627e-06	1185
8.33638e-06	1186
8.31013e-06	1187
8.28397e-06	1188
8.25789e-06	1189
8.23189e-06	1190
8.20598e-06	1191
8.18014e-06	1192
8.15439e-06	1193
8.12871e-06	1194
8.10312e-06	1195
8.0776e-06	1196
8.05217e-06	1197
8.02681e-06	1198
8.00153e-06	1199
7.97634e-06	1200
7.95122e-06	1201
7.92618e-06	1202
7.90122e-06	1203
7.87633e-06	1204
7.85153e-06	1205
7.8268e-06	1206
7.80215e-06	1207
7.77757e-06	1208
7.75307e-06	1209
7.72865e-06	1210
7.70431e-06	1211
7.68004e-06	1212
7.65585e-06	1213
7.63173e-06	1214
7.60769e-06	1215
7.58372e-06	1216
7.55983e-06	1217
7.53602e-06	1218
7.51228e-06	1219
7.48861e-06	1220
7.46501e-06	1221
7.44149e-06	1222
7.41805e-06	1223
7.39468e-06	1224
7.37138e-06	1225
7.34815e-06	1226
7.32499e-06	1227
7.30191e-06	1228
7.2789e-06	1229
7.25597e-06	1230
7.2331e-06	1231
7.21031e-06	1232
7.18758e-06	1233
7.16493e-06	1234
7.14235e-06	1235
7.11984e-06	1236
7.0974e-06	1237
7.07503e-06	1238
7.05273e-06	1239
7.0305e-06	1240
7.00834e-06	1241
6.98625e-06	1242
6.96423e-06	1243
6.94228e-06	1244
6.9204e-06	1245
6.89858e-06	1246
6.87683e-06	1247
6.85516e-06	1248
6.83354e-06	1249
6.812e-06	1250
6.79053e-06	1251
6.76912e-06	1252
6.74778e-06	1253
6.7265e-06	1254
6.70529e-06	1255
6.68415e-06	1256
6.66308e-06	1257
6.64207e-06	1258
6.62113e-06	1259
6.60025e-06	1260
6.57944e-06	1261
6.55869e-06	1262
6.53801e-06	1263
6.51739e-06	1264
6.49684e-06	1265
6.47635e-06	1266
6.45593e-06	1267
6.43557e-06	1268
6.41527e-06	1269
6.39504e-06	1270
6.37487e-06	1271
6.35476e-06	1272
6.33472e-06	1273
6.31474e-06	1274
6.29482e-06	1275
6.27497e-06	1276
6.25518e-06	1277
6.23545e-06	1278
6.21578e-06	1279
6.19617e-06	1280
6.17662e-06	1281
6.15714e-06	1282
6.13772e-06	1283
6.11836e-06	1284
6.09905e-06	1285
6.07981e-06	1286
6.06063e-06	1287
6.04151e-06	1288
6.02245e-06	1289
6.00345e-06	1290
5.98451e-06	1291
5.96563e-06	1292
5.94681e-06	1293
5.92804e-06	1294
5.90934e-06	1295
5.8907e-06	1296
5.87211e-06	1297
5.85358e-06	1298
5.83511e-06	1299
5.8167e-06	1300
5.79834e-06	1301
5.78004e-06	1302
5.7618e-06	1303
5.74362e-06	1304
5.7255e-06	1305
5.70743e-06	1306
5.68942e-06	1307
5.67146e-06	1308
5.65356e-06	1309
5.63572e-06	1310
5.61793e-06	1311
5.6002e-06	1312
5.58253e-06	1313
5.56491e-06	1314
5.54734e-06	1315
5.52984e-06	1316
5.51238e-06	1317
5.49498e-06	1318
5.47764e-06	1319
5.46035e-06	1320
5.44311e-06	1321
5.42593e-06	1322
5.4088e-06	1323
5.39173e-06	1324
5.37471e-06	1325
5.35774e-06	1326
5.34083e-06	1327
5.32397e-06	1328
5.30716e-06	1329
5.2904e-06	1330
5.2737e-06	1331
5.25705e-06	1332
5.24046e-06	1333
5.22391e-06	1334
5.20742e-06	1335
5.19098e-06	1336
5.17459e-06	1337
5.15825e-06	1338
5.14196e-06	1339
5.12573e-06	1340
5.10954e-06	1341
5.09341e-06	1342
5.07733e-06	1343
5.06129e-06	1344
5.04531e-06	1345
5.02938e-06	1346
5.0135e-06	1347
4.99767e-06	1348
4.98189e-06	1349
4.96615e-06	1350
4.95047e-06	1351
4.93484e-06	1352
4.91925e-06	1353
4.90372e-06	1354
4.88823e-06	1355
4.87279e-06	1356
4.85741e-06	1357
4.84206e-06	1358
4.82677e-06	1359
4.81153e-06	1360
4.79633e-06	1361
4.78118e-06	1362
4.76608e-06	1363
4.75103e-06	1364
4.73602e-06	1365
4.72106e-06	1366
4.70615e-06	1367
4.69129e-06	1368
4.67647e-06	1369
4.6617e-06	1370
4.64697e-06	1371
4.63229e-06	1372
4.61766e-06	1373
4.60307e-06	1374
4.58853e-06	1375
4.57404e-06	1376
4.55959e-06	1377
4.54518e-06	1378
4.53083e-06	1379
4.51651e-06	1380
4.50224e-06	1381
4.48802e-06	1382
4.47384e-06	1383
4.45971e-06	1384
4.44562e-06	1385
4.43157e-06	1386
4.41757e-06	1387
4.40362e-06	1388
4.3897e-06	1389
4.37583e-06	1390
4.36201e-06	1391
4.34823e-06	1392
4.33449e-06	1393
4.32079e-06	1394
4.30714e-06	1395
4.29353e-06	1396
4.27997e-06	1397
4.26644e-06	1398
4.25296e-06	1399
4.23952e-06	1400
4.22613e-06	1401
4.21277e-06	1402
4.19946e-06	1403
4.18619e-06	1404
4.17296e-06	1405
4.15977e-06	1406
4.14663e-06	1407
4.13353e-06	1408
4.12046e-06	1409
4.10744e-06	1410
4.09446e-06	1411
4.08152e-06	1412
4.06862e-06	1413
4.05577e-06	1414
4.04295e-06	1415
4.03017e-06	1416
4.01743e-06	1417
4.00474e-06	1418
3.99208e-06	1419
3.97946e-06	1420
3.96689e-06	1421
3.95435e-06	1422
3.94185e-06	1423
3.92939e-06	1424
3.91697e-06	1425
3.90459e-06	1426
3.89225e-06	1427
3.87995e-06	1428
3.86769e-06	1429
3.85546e-06	1430
3.84327e-06	1431
3.83113e-06	1432
3.81902e-06	1433
3.80695e-06	1434
3.79491e-06	1435
3.78292e-06	1436
3.77096e-06	1437
3.75904e-06	1438
3.74716e-06	1439
3.73531e-06	1440
3.7235e-06	1441
3.71173e-06	1442
3.7e-06	1443
3.6883e-06	1444
3.67664e-06	1445
3.66502e-06	1446
3.65344e-06	1447
3.64189e-06	1448
3.63037e-06	1449
3.6189e-06	1450
3.60745e-06	1451
3.59605e-06	1452
3.58468e-06	1453
3.57335e-06	1454
3.56205e-06	1455
3.55079e-06	1456
3.53956e-06	1457
3.52837e-06	1458
3.51722e-06	1459
3.5061e-06	1460
3.49501e-06	1461
3.48396e-06	1462
3.47295e-06	1463
3.46197e-06	1464
3.45102e-06	1465
3.44011e-06	1466
3.42923e-06	1467
3.41839e-06	1468
3.40758e-06	1469
3.39681e-06	1470
3.38607e-06	1471
3.37536e-06	1472
3.36469e-06	1473
3.35405e-06	1474
3.34344e-06	1475
3.33287e-06	1476
3.32233e-06	1477
3.31183e-06	1478
3.30136e-06	1479
3.29092e-06	1480
3.28051e-06	1481
3.27014e-06	1482
3.2598e-06	1483
3.24949e-06	1484
3.23921e-06	1485
3.22897e-06	1486
3.21876e-06	1487
3.20858e-06	1488
3.19843e-06	1489
3.18832e-06	1490
3.17824e-06	1491
3.16819e-06	1492
3.15817e-06	1493
3.14818e-06	1494
3.13822e-06	1495
3.1283e-06	1496
3.11841e-06	1497
3.10854e-06	1498
3.09871e-06	1499
3.08891e-06	1500
3.07915e-06	1501
3.06941e-06	1502
3.0597e-06	1503
3.05002e-06	1504
3.04038e-06	1505
3.03076e-06	1506
3.02118e-06	1507
3.01162e-06	1508
3.0021e-06	1509
2.9926e-06	1510
2.98314e-06	1511
2.9737e-06	1512
2.9643e-06	1513
2.95492e-06	1514
2.94558e-06	1515
2.93626e-06	1516
2.92697e-06	1517
2.91771e-06	1518
2.90849e-06	1519
2.89929e-06	1520
2.89012e-06	1521
2.88097e-06	1522
2.87186e-06	1523
2.86278e-06	1524
2.85372e-06	1525
2.8447e-06	1526
2.8357e-06	1527
2.82673e-06	1528
2.81779e-06	1529
2.80888e-06	1530
2.79999e-06	1531
2.79113e-06	1532
2.78231e-06	1533
2.7735e-06	1534
2.76473e-06	1535
2.75599e-06	1536
2.74727e-06	1537
2.73858e-06	1538
2.72992e-06	1539
2.72128e-06	1540
2.71267e-06	1541
2.70409e-06	1542
2.69554e-06	1543
2.68701e-06	1544
2.67851e-06	1545
2.67004e-06	1546
2.66159e-06	1547
2.65317e-06	1548
2.64478e-06	1549
2.63641e-06	1550
2.62807e-06	1551
2.61976e-06	1552
2.61147e-06	1553
2.60321e-06	1554
2.59497e-06	1555
2.58676e-06	1556
2.57858e-06	1557
2.57042e-06	1558
2.56229e-06	1559
2.55419e-06	1560
2.5461e-06	1561
2.53805e-06	1562
2.53002e-06	1563
2.52202e-06	1564
2.51404e-06	1565
2.50608e-06	1566
2.49816e-06	1567
2.49025e-06	1568
2.48237e-06	1569
2.47452e-06	1570
2.46669e-06	1571
2.45889e-06	1572
2.45111e-06	1573
2.44335e-06	1574
2.43562e-06	1575
2.42792e-06	1576
2.42024e-06	1577
2.41258e-06	1578
2.40495e-06	1579
2.39734e-06	1580
2.38975e-06	1581
2.38219e-06	1582
2.37465e-06	1583
2.36714e-06	1584
2.35965e-06	1585
2.35219e-06	1586
2.34474e-06	1587
2.33733e-06	1588
2.32993e-06	1589
2.32256e-06	1590
2.31521e-06	1591
2.30788e-06	1592
2.30058e-06	1593
2.2933e-06	1594
2.28605e-06	1595
2.27881e-06	1596
2.2716e-06	1597
2.26442e-06	1598
2.25725e-06	1599
2.25011e-06	1600
2.24299e-06	1601
2.23589e-06	1602
2.22882e-06	1603
2.22177e-06	1604
2.21474e-06	1605
2.20773e-06	1606
2.20074e-06	1607
2.19378e-06	1608
2.18684e-06	1609
2.17992e-06	1610
2.17302e-06	1611
2.16614e-06	1612
2.15929e-06	1613
2.15246e-06	1614
2.14565e-06	1615
2.13886e-06	1616
2.13209e-06	1617
2.12534e-06	1618
2.11862e-06	1619
2.11191e-06	1620
2.10523e-06	1621
2.09857e-06	1622
2.09193e-06	1623
2.08531e-06	1624
2.07871e-06	1625
2.07213e-06	1626
2.06557e-06	1627
2.05904e-06	1628
2.05252e-06	1629
2.04603e-06	1630
2.03955e-06	1631
2.0331e-06	1632
2.02667e-06	1633
2.02025e-06	1634
2.01386e-06	1635
2.00749e-06	1636
2.00113e-06	1637
1.9948e-06	1638
1.98849e-06	1639
1.9822e-06	1640
1.97592e-06	1641
1.96967e-06	1642
1.96344e-06	1643
1.95722e-06	1644
1.95103e-06	1645
1.94486e-06	1646
1.9387e-06	1647
1.93257e-06	1648
1.92645e-06	1649
1.92036e-06	1650
1.91428e-06	1651
1.90822e-06	1652
1.90218e-06	1653
1.89616e-06	1654
1.89016e-06	1655
1.88418e-06	1656
1.87822e-06	1657
1.87227e-06	1658
1.86635e-06	1659
1.86044e-06	1660
1.85455e-06	1661
1.84868e-06	1662
1.84283e-06	1663
1.837e-06	1664
1.83119e-06	1665
1.82539e-06	1666
1.81962e-06	1667
1.81386e-06	1668
1.80812e-06	1669
1.8024e-06	1670
1.79669e-06	1671
1.79101e-06	1672
1.78534e-06	1673
1.77969e-06	1674
1.77405e-06	1675
1.76844e-06	1676
1.76284e-06	1677
1.75726e-06	1678
1.7517e-06	1679
1.74616e-06	1680
1.74063e-06	1681
1.73512e-06	1682
1.72963e-06	1683
1.72416e-06	1684
1.7187e-06	1685
1.71326e-06	1686
1.70784e-06	1687
1.70244e-06	1688
1.69705e-06	1689
1.69168e-06	1690
1.68632e-06	1691
1.68099e-06	1692
1.67567e-06	1693
1.67036e-06	1694
1.66508e-06	1695
1.65981e-06	1696
1.65455e-06	1697
1.64932e-06	1698
1.6441e-06	1699
1.63889e-06	1700
1.63371e-06	1701
1.62854e-06	1702
1.62338e-06	1703
1.61824e-06	1704
1.61312e-06	1705
1.60802e-06	1706
1.60293e-06	1707
1.59785e-06	1708
1.5928e-06	1709
1.58776e-06	1710
1.58273e-06	1711
1.57772e-06	1712
1.57273e-06	1713
1.56775e-06	1714
1.56279e-06	1715
1.55784e-06	1716
1.55291e-06	1717
1.548e-06	1718
1.5431e-06	1719
1.53821e-06	1720
1.53334e-06	1721
1.52849e-06	1722
1.52365e-06	1723
1.51883e-06	1724
1.51402e-06	1725
1.50923e-06	1726
1.50446e-06	1727
1.49969e-06	1728
1.49495e-06	1729
1.49022e-06	1730
1.4855e-06	1731
1.4808e-06	1732
1.47611e-06	1733
1.47144e-06	1734
1.46678e-06	1735
1.46214e-06	1736
1.45751e-06	1737
1.4529e-06	1738
1.4483e-06	1739
1.44371e-06	1740
1.43915e-06	1741
1.43459e-06	1742
1.43005e-06	1743
1.42552e-06	1744
1.42101e-06	1745
1.41651e-06	1746
1.41203e-06	1747
1.40756e-06	1748
1.40311e-06	1749
1.39866e-06	1750
1.39424e-06	1751
1.38982e-06	1752
1.38543e-06	1753
1.38104e-06	1754
1.37667e-06	1755
1.37231e-06	1756
1.36797e-06	1757
1.36364e-06	1758
1.35932e-06	1759
1.35502e-06	1760
1.35073e-06	1761
1.34646e-06	1762
1.34219e-06	1763
1.33795e-06	1764
1.33371e-06	1765
1.32949e-06	1766
1.32528e-06	1767
1.32109e-06	1768
1.3169e-06	1769
1.31274e-06	1770
1.30858e-06	1771
1.30444e-06	1772
1.30031e-06	1773
1.29619e-06	1774
1.29209e-06	1775
1.288e-06	1776
1.28393e-06	1777
1.27986e-06	1778
1.27581e-06	1779
1.27177e-06	1780
1.26775e-06	1781
1.26373e-06	1782
1.25973e-06	1783
1.25575e-06	1784
1.25177e-06	1785
1.24781e-06	1786
1.24386e-06	1787
1.23992e-06	1788
1.236e-06	1789
1.23209e-06	1790
1.22819e-06	1791
1.2243e-06	1792
1.22042e-06	1793
1.21656e-06	1794
1.21271e-06	1795
1.20887e-06	1796
1.20504e-06	1797
1.20123e-06	1798
1.19743e-06	1799
1.19364e-06	1800
1.18986e-06	1801
1.18609e-06	1802
1.18234e-06	1803
1.1786e-06	1804
1.17487e-06	1805
1.17115e-06	1806
1.16744e-06	1807
1.16374e-06	1808
1.16006e-06	1809
1.15639e-06	1810
1.15273e-06	1811
1.14908e-06	1812
1.14544e-06	1813
1.14182e-06	1814
1.1382e-06	1815
1.1346e-06	1816
1.13101e-06	1817
1.12743e-06	1818
1.12386e-06	1819
1.1203e-06	1820
1.11676e-06	1821
1.11322e-06	1822
1.1097e-06	1823
1.10618e-06	1824
1.10268e-06	1825
1.09919e-06	1826
1.09571e-06	1827
1.09225e-06	1828
1.08879e-06	1829
1.08534e-06	1830
1.08191e-06	1831
1.07848e-06	1832
1.07507e-06	1833
1.07166e-06	1834
1.06827e-06	1835
1.06489e-06	1836
1.06152e-06	1837
1.05816e-06	1838
1.05481e-06	1839
1.05147e-06	1840
1.04814e-06	1841
1.04483e-06	1842
1.04152e-06	1843
1.03822e-06	1844
1.03494e-06	1845
1.03166e-06	1846
1.02839e-06	1847
1.02514e-06	1848
1.02189e-06	1849
1.01866e-06	1850
1.01543e-06	1851
1.01222e-06	1852
1.00902e-06	1853
1.00582e-06	1854
1.00264e-06	1855
9.99464e-07	1856
9.963e-07	1857
9.93147e-07	1858
9.90003e-07	1859
9.86869e-07	1860
9.83745e-07	1861
9.80632e-07	1862
9.77527e-07	1863
9.74433e-07	1864
9.71349e-07	1865
9.68274e-07	1866
9.65209e-07	1867
9.62154e-07	1868
9.59108e-07	1869
9.56072e-07	1870
9.53046e-07	1871
9.50029e-07	1872
9.47022e-07	1873
9.44024e-07	1874
9.41036e-07	1875
9.38057e-07	1876
9.35088e-07	1877
9.32128e-07	1878
9.29177e-07	1879
9.26236e-07	1880
9.23304e-07	1881
9.20381e-07	1882
9.17468e-07	1883
9.14564e-07	1884
9.11669e-07	1885
9.08783e-07	1886
9.05906e-07	1887
9.03038e-07	1888
9.0018e-07	1889
8.9733e-07	1890
8.9449e-07	1891
8.91659e-07	1892
8.88836e-07	1893
8.86022e-07	1894
8.83218e-07	1895
8.80422e-07	1896
8.77635e-07	1897
8.74857e-07	1898
8.72088e-07	1899
8.69327e-07	1900
8.66575e-07	1901
8.63832e-07	1902
8.61098e-07	1903
8.58372e-07	1904
8.55655e-07	1905
8.52946e-07	1906
8.50246e-07	1907
8.47555e-07	1908
8.44872e-07	1909
8.42198e-07	1910
8.39532e-07	1911
8.36874e-07	1912
8.34225e-07	1913
8.31584e-07	1914
8.28952e-07	1915
8.26328e-07	1916
8.23712e-07	1917
8.21105e-07	1918
8.18506e-07	1919
8.15915e-07	1920
8.13332e-07	1921
8.10758e-07	1922
8.08191e-07	1923
8.05633e-07	1924
8.03083e-07	1925
8.0054e-07	1926
7.98006e-07	1927
7.9548e-07	1928
7.92962e-07	1929
7.90452e-07	1930
7.8795e-07	1931
7.85456e-07	1932
7.82969e-07	1933
7.80491e-07	1934
7.7802e-07	1935
7.75558e-07	1936
7.73103e-07	1937
7.70655e-07	1938
7.68216e-07	1939
7.65784e-07	1940
7.6336e-07	1941
7.60944e-07	1942
7.58535e-07	1943
7.56134e-07	1944
7.5374e-07	1945
7.51354e-07	1946
7.48976e-07	1947
7.46605e-07	1948
7.44242e-07	1949
7.41886e-07	1950
7.39537e-07	1951
7.37196e-07	1952
7.34863e-07	1953
7.32537e-07	1954
7.30218e-07	1955
7.27906e-07	1956
7.25602e-07	1957
7.23305e-07	1958
7.21016e-07	1959
7.18733e-07	1960
7.16458e-07	1961
7.1419e-07	1962
7.11929e-07	1963
7.09676e-07	1964
7.07429e-07	1965
7.0519e-07	1966
7.02958e-07	1967
7.00733e-07	1968
6.98514e-07	1969
6.96303e-07	1970
6.94099e-07	1971
6.91902e-07	1972
6.89712e-07	1973
6.87529e-07	1974
6.85352e-07	1975
6.83183e-07	1976
6.8102e-07	1977
6.78864e-07	1978
6.76715e-07	1979
6.74573e-07	1980
6.72438e-07	1981
6.70309e-07	1982
6.68188e-07	1983
6.66072e-07	1984
6.63964e-07	1985
6.61862e-07	1986
6.59767e-07	1987
6.57679e-07	1988
6.55597e-07	1989
6.53521e-07	1990
6.51453e-07	1991
6.49391e-07	1992
6.47335e-07	1993
6.45286e-07	1994
6.43243e-07	1995
6.41207e-07	1996
6.39177e-07	1997
6.37154e-07	1998
6.35137e-07	1999
6.33127e-07	2000
6.31122e-07	2001
6.29125e-07	2002
6.27133e-07	2003
6.25148e-07	2004
6.23169e-07	2005
6.21196e-07	2006
6.1923e-07	2007
6.1727e-07	2008
6.15316e-07	2009
6.13368e-07	2010
6.11427e-07	2011
6.09491e-07	2012
6.07562e-07	2013
6.05639e-07	2014
6.03721e-07	2015
6.0181e-07	2016
5.99905e-07	2017
5.98006e-07	2018
5.96113e-07	2019
5.94226e-07	2020
5.92345e-07	2021
5.9047e-07	2022
5.88601e-07	2023
5.86738e-07	2024
5.84881e-07	2025
5.83029e-07	2026
5.81184e-07	2027
5.79344e-07	2028
5.7751e-07	2029
5.75682e-07	2030
5.7386e-07	2031
5.72043e-07	2032
5.70232e-07	2033
5.68427e-07	2034
5.66628e-07	2035
5.64834e-07	2036
5.63046e-07	2037
5.61264e-07	2038
5.59487e-07	2039
5.57716e-07	2040
5.55951e-07	2041
5.54191e-07	2042
5.52437e-07	2043
5.50688e-07	2044
5.48945e-07	2045
5.47207e-07	2046
5.45475e-07	2047
5.43748e-07	2048
5.42027e-07	2049
5.40311e-07	2050
5.38601e-07	2051
5.36896e-07	2052
5.35197e-07	2053
5.33502e-07	2054
5.31814e-07	2055
5.3013e-07	2056
5.28452e-07	2057
5.26779e-07	2058
5.25112e-07	2059
5.2345e-07	2060
5.21793e-07	2061
5.20141e-07	2062
5.18494e-07	2063
5.16853e-07	2064
5.15217e-07	2065
5.13586e-07	2066
5.1196e-07	2067
5.1034e-07	2068
5.08724e-07	2069
5.07114e-07	2070
5.05509e-07	2071
5.03909e-07	2072
5.02313e-07	2073
5.00723e-07	2074
4.99138e-07	2075
4.97558e-07	2076
4.95983e-07	2077
4.94413e-07	2078
4.92848e-07	2079
4.91288e-07	2080
4.89733e-07	2081
4.88183e-07	2082
4.86637e-07	2083
4.85097e-07	2084
4.83561e-07	2085
4.82031e-07	2086
4.80505e-07	2087
4.78984e-07	2088
4.77468e-07	2089
4.75956e-07	2090
4.7445e-07	2091
4.72948e-07	2092
4.71451e-07	2093
4.69958e-07	2094
4.68471e-07	2095
4.66988e-07	2096
4.6551e-07	2097
4.64036e-07	2098
4.62567e-07	2099
4.61103e-07	2100
4.59643e-07	2101
4.58188e-07	2102
4.56738e-07	2103
4.55292e-07	2104
4.53851e-07	2105
4.52414e-07	2106
4.50982e-07	2107
4.49555e-07	2108
4.48132e-07	2109
4.46713e-07	2110
4.45299e-07	2111
4.43889e-07	2112
4.42484e-07	2113
4.41084e-07	2114
4.39687e-07	2115
4.38296e-07	2116
4.36908e-07	2117
4.35525e-07	2118
4.34147e-07	2119
4.32772e-07	2120
4.31402e-07	2121
4.30037e-07	2122
4.28676e-07	2123
4.27319e-07	2124
4.25966e-07	2125
4.24618e-07	2126
4.23273e-07	2127
4.21934e-07	2128
4.20598e-07	2129
4.19267e-07	2130
4.17939e-07	2131
4.16616e-07	2132
4.15298e-07	2133
4.13983e-07	2134
4.12673e-07	2135
4.11366e-07	2136
4.10064e-07	2137
4.08766e-07	2138
4.07472e-07	2139
4.06182e-07	2140
4.04897e-07	2141
4.03615e-07	2142
4.02337e-07	2143
4.01064e-07	2144
3.99794e-07	2145
3.98529e-07	2146
3.97267e-07	2147
3.9601e-07	2148
3.94756e-07	2149
3.93507e-07	2150
3.92261e-07	2151
3.91019e-07	2152
3.89781e-07	2153
3.88548e-07	2154
3.87318e-07	2155
3.86092e-07	2156
3.8487e-07	2157
3.83651e-07	2158
3.82437e-07	2159
3.81226e-07	2160
3.8002e-07	2161
3.78817e-07	2162
3.77617e-07	2163
3.76422e-07	2164
3.75231e-07	2165
3.74043e-07	2166
3.72859e-07	2167
3.71679e-07	2168
3.70502e-07	2169
3.69329e-07	2170
3.6816e-07	2171
3.66995e-07	2172
3.65833e-07	2173
3.64675e-07	2174
3.63521e-07	2175
3.6237e-07	2176
3.61223e-07	2177
3.60079e-07	2178
3.5894e-07	2179
3.57803e-07	2180
3.56671e-07	2181
3.55542e-07	2182
3.54416e-07	2183
3.53295e-07	2184
3.52176e-07	2185
3.51061e-07	2186
3.4995e-07	2187
3.48842e-07	2188
3.47738e-07	2189
3.46637e-07	2190
3.4554e-07	2191
3.44446e-07	2192
3.43356e-07	2193
3.42269e-07	2194
3.41186e-07	2195
3.40106e-07	2196
3.39029e-07	2197
3.37956e-07	2198
3.36886e-07	2199
3.3582e-07	2200
3.34757e-07	2201
3.33697e-07	2202
3.32641e-07	2203
3.31588e-07	2204
3.30538e-07	2205
3.29492e-07	2206
3.28449e-07	2207
3.27409e-07	2208
3.26373e-07	2209
3.2534e-07	2210
3.2431e-07	2211
3.23283e-07	2212
3.2226e-07	2213
3.2124e-07	2214
3.20223e-07	2215
3.1921e-07	2216
3.18199e-07	2217
3.17192e-07	2218
3.16188e-07	2219
3.15187e-07	2220
3.14189e-07	2221
3.13195e-07	2222
3.12203e-07	2223
3.11215e-07	2224
3.1023e-07	2225
3.09248e-07	2226
3.08269e-07	2227
3.07293e-07	2228
3.06321e-07	2229
3.05351e-07	2230
3.04384e-07	2231
3.03421e-07	2232
3.0246e-07	2233
3.01503e-07	2234
3.00549e-07	2235
2.99597e-07	2236
2.98649e-07	2237
2.97704e-07	2238
2.96761e-07	2239
2.95822e-07	2240
2.94885e-07	2241
2.93952e-07	2242
2.93021e-07	2243
2.92094e-07	2244
2.91169e-07	2245
2.90248e-07	2246
2.89329e-07	2247
2.88413e-07	2248
2.875e-07	2249
2.8659e-07	2250
2.85683e-07	2251
2.84779e-07	2252
2.83877e-07	2253
2.82979e-07	2254
2.82083e-07	2255
2.8119e-07	2256
2.803e-07	2257
2.79413e-07	2258
2.78528e-07	2259
2.77646e-07	2260
2.76768e-07	2261
2.75892e-07	2262
2.75018e-07	2263
2.74148e-07	2264
2.7328e-07	2265
2.72415e-07	2266
2.71553e-07	2267
2.70693e-07	2268
2.69836e-07	2269
2.68982e-07	2270
2.68131e-07	2271
2.67282e-07	2272
2.66436e-07	2273
2.65592e-07	2274
2.64752e-07	2275
2.63914e-07	2276
2.63078e-07	2277
2.62245e-07	2278
2.61415e-07	2279
2.60588e-07	2280
2.59763e-07	2281
2.58941e-07	2282
2.58121e-07	2283
2.57304e-07	2284
2.5649e-07	2285
2.55678e-07	2286
2.54868e-07	2287
2.54062e-07	2288
2.53257e-07	2289
2.52456e-07	2290
2.51657e-07	2291
2.5086e-07	2292
2.50066e-07	2293
2.49274e-07	2294
2.48485e-07	2295
2.47699e-07	2296
2.46915e-07	2297
2.46133e-07	2298
2.45354e-07	2299
2.44577e-07	2300
2.43803e-07	2301
2.43031e-07	2302
2.42262e-07	2303
2.41495e-07	2304
2.40731e-07	2305
2.39969e-07	2306
2.39209e-07	2307
2.38452e-07	2308
2.37697e-07	2309
2.36945e-07	2310
2.36195e-07	2311
2.35447e-07	2312
2.34702e-07	2313
2.33959e-07	2314
2.33218e-07	2315
2.3248e-07	2316
2.31744e-07	2317
2.31011e-07	2318
2.3028e-07	2319
2.29551e-07	2320
2.28824e-07	2321
2.281e-07	2322
2.27378e-07	2323
2.26658e-07	2324
2.2594e-07	2325
2.25225e-07	2326
2.24512e-07	2327
2.23802e-07	2328
2.23093e-07	2329
2.22387e-07	2330
2.21683e-07	2331
2.20981e-07	2332
2.20282e-07	2333
2.19585e-07	2334
2.1889e-07	2335
2.18197e-07	2336
2.17506e-07	2337
2.16818e-07	2338
2.16131e-07	2339
2.15447e-07	2340
2.14765e-07	2341
2.14085e-07	2342
2.13408e-07	2343
2.12732e-07	2344
2.12059e-07	2345
2.11387e-07	2346
2.10718e-07	2347
2.10051e-07	2348
2.09386e-07	2349
2.08724e-07	2350
2.08063e-07	2351
2.07404e-07	2352
2.06748e-07	2353
2.06093e-07	2354
2.05441e-07	2355
2.04791e-07	2356
2.04143e-07	2357
2.03496e-07	2358
2.02852e-07	2359
2.0221e-07	2360
2.0157e-07	2361
2.00932e-07	2362
2.00296e-07	2363
1.99662e-07	2364
1.9903e-07	2365
1.984e-07	2366
1.97772e-07	2367
1.97146e-07	2368
1.96522e-07	2369
1.959e-07	2370
1.9528e-07	2371
1.94662e-07	2372
1.94045e-07	2373
1.93431e-07	2374
1.92819e-07	2375
1.92208e-07	2376
1.916e-07	2377
1.90994e-07	2378
1.90389e-07	2379
1.89786e-07	2380
1.89186e-07	2381
1.88587e-07	2382
1.8799e-07	2383
1.87395e-07	2384
1.86802e-07	2385
1.8621e-07	2386
1.85621e-07	2387
1.85033e-07	2388
1.84448e-07	2389
1.83864e-07	2390
1.83282e-07	2391
1.82702e-07	2392
1.82123e-07	2393
1.81547e-07	2394
1.80972e-07	2395
1.80399e-07	2396
1.79828e-07	2397
1.79259e-07	2398
1.78692e-07	2399
1.78126e-07	2400
1.77562e-07	2401
1.77e-07	2402
1.7644e-07	2403
1.75881e-07	2404
1.75325e-07	2405
1.7477e-07	2406
1.74216e-07	2407
1.73665e-07	2408
1.73115e-07	2409
1.72567e-07	2410
1.72021e-07	2411
1.71477e-07	2412
1.70934e-07	2413
1.70393e-07	2414
1.69853e-07	2415
1.69316e-07	2416
1.6878e-07	2417
1.68245e-07	2418
1.67713e-07	2419
1.67182e-07	2420
1.66653e-07	2421
1.66125e-07	2422
1.65599e-07	2423
1.65075e-07	2424
1.64553e-07	2425
1.64032e-07	2426
1.63513e-07	2427
1.62995e-07	2428
1.62479e-07	2429
1.61965e-07	2430
1.61452e-07	2431
1.60941e-07	2432
1.60432e-07	2433
1.59924e-07	2434
1.59418e-07	2435
1.58913e-07	2436
1.5841e-07	2437
1.57909e-07	2438
1.57409e-07	2439
1.5691e-07	2440
1.56414e-07	2441
1.55919e-07	2442
1.55425e-07	2443
1.54933e-07	2444
1.54443e-07	2445
1.53954e-07	2446
1.53467e-07	2447
1.52981e-07	2448
1.52497e-07	2449
1.52014e-07	2450
1.51533e-07	2451
1.51053e-07	2452
1.50575e-07	2453
1.50098e-07	2454
1.49623e-07	2455
1.49149e-07	2456
1.48677e-07	2457
1.48207e-07	2458
1.47738e-07	2459
1.4727e-07	2460
1.46804e-07	2461
1.46339e-07	2462
1.45876e-07	2463
1.45414e-07	2464
1.44954e-07	2465
1.44495e-07	2466
1.44038e-07	2467
1.43582e-07	2468
1.43127e-07	2469
1.42674e-07	2470
1.42223e-07	2471
1.41772e-07	2472
1.41324e-07	2473
1.40876e-07	2474
1.4043e-07	2475
1.39986e-07	2476
1.39543e-07	2477
1.39101e-07	2478
1.38661e-07	2479
1.38222e-07	2480
1.37784e-07	2481
1.37348e-07	2482
1.36913e-07	2483
1.3648e-07	2484
1.36048e-07	2485
1.35617e-07	2486
1.35188e-07	2487
1.3476e-07	2488
1.34334e-07	2489
1.33908e-07	2490
1.33485e-07	2491
1.33062e-07	2492
1.32641e-07	2493
1.32221e-07	2494
1.31802e-07	2495
1.31385e-07	2496
1.30969e-07	2497
1.30555e-07	2498
1.30142e-07	2499
1.2973e-07	2500
1.29319e-07	2501
1.2891e-07	2502
1.28502e-07	2503
1.28095e-07	2504
1.27689e-07	2505
1.27285e-07	2506
1.26882e-07	2507
1.26481e-07	2508
1.2608e-07	2509
1.25681e-07	2510
1.25283e-07	2511
1.24887e-07	2512
1.24491e-07	2513
1.24097e-07	2514
1.23705e-07	2515
1.23313e-07	2516
1.22923e-07	2517
1.22534e-07	2518
1.22146e-07	2519
1.21759e-07	2520
1.21374e-07	2521
1.20989e-07	2522
1.20607e-07	2523
1.20225e-07	2524
1.19844e-07	2525
1.19465e-07	2526
1.19087e-07	2527
1.1871e-07	2528
1.18334e-07	2529
1.17959e-07	2530
1.17586e-07	2531
1.17214e-07	2532
1.16843e-07	2533
1.16473e-07	2534
1.16104e-07	2535
1.15737e-07	2536
1.1537e-07	2537
1.15005e-07	2538
1.14641e-07	2539
1.14278e-07	2540
1.13917e-07	2541
1.13556e-07	2542
1.13197e-07	2543
1.12838e-07	2544
1.12481e-07	2545
1.12125e-07	2546
1.1177e-07	2547
1.11416e-07	2548
1.11064e-07	2549
1.10712e-07	2550
1.10362e-07	2551
1.10012e-07	2552
1.09664e-07	2553
1.09317e-07	2554
1.08971e-07	2555
1.08626e-07	2556
1.08282e-07	2557
1.07939e-07	2558
1.07598e-07	2559
1.07257e-07	2560
1.06918e-07	2561
1.06579e-07	2562
1.06242e-07	2563
1.05906e-07	2564
1.0557e-07	2565
1.05236e-07	2566
1.04903e-07	2567
1.04571e-07	2568
1.0424e-07	2569
1.0391e-07	2570
1.03581e-07	2571
1.03253e-07	2572
1.02926e-07	2573
1.02601e-07	2574
1.02276e-07	2575
1.01952e-07	2576
1.01629e-07	2577
1.01308e-07	2578
1.00987e-07	2579
1.00667e-07	2580
1.00349e-07	2581
1.00031e-07	2582
9.97144e-08	2583
9.93988e-08	2584
9.90842e-08	2585
9.87705e-08	2586
9.84579e-08	2587
9.81462e-08	2588
9.78356e-08	2589
9.75259e-08	2590
9.72172e-08	2591
9.69095e-08	2592
9.66027e-08	2593
9.62969e-08	2594
9.59921e-08	2595
9.56883e-08	2596
9.53854e-08	2597
9.50834e-08	2598
9.47825e-08	2599
9.44824e-08	2600
9.41834e-08	2601
9.38853e-08	2602
9.35881e-08	2603
9.32918e-08	2604
9.29965e-08	2605
9.27022e-08	2606
9.24087e-08	2607
9.21162e-08	2608
9.18246e-08	2609
9.1534e-08	2610
9.12442e-08	2611
9.09554e-08	2612
9.06675e-08	2613
9.03805e-08	2614
9.00944e-08	2615
8.98093e-08	2616
8.9525e-08	2617
8.92416e-08	2618
8.89591e-08	2619
8.86775e-08	2620
8.83968e-08	2621
8.8117e-08	2622
8.78381e-08	2623
8.75601e-08	2624
8.72829e-08	2625
8.70066e-08	2626
8.67312e-08	2627
8.64567e-08	2628
8.6183e-08	2629
8.59102e-08	2630
8.56383e-08	2631
8.53672e-08	2632
8.5097e-08	2633
8.48276e-08	2634
8.45591e-08	2635
8.42914e-08	2636
8.40246e-08	2637
8.37587e-08	2638
8.34935e-08	2639
8.32293e-08	2640
8.29658e-08	2641
8.27032e-08	2642
8.24414e-08	2643
8.21804e-08	2644
8.19203e-08	2645
8.1661e-08	2646
8.14025e-08	2647
8.11449e-08	2648
8.0888e-08	2649
8.0632e-08	2650
8.03767e-08	2651
8.01223e-08	2652
7.98687e-08	2653
7.96159e-08	2654
7.93639e-08	2655
7.91127e-08	2656
7.88622e-08	2657
7.86126e-08	2658
7.83638e-08	2659
7.81157e-08	2660
7.78685e-08	2661
7.7622e-08	2662
7.73763e-08	2663
7.71314e-08	2664
7.68872e-08	2665
7.66438e-08	2666
7.64012e-08	2667
7.61594e-08	2668
7.59183e-08	2669
7.5678e-08	2670
7.54385e-08	2671
7.51997e-08	2672
7.49616e-08	2673
7.47244e-08	2674
7.44878e-08	2675
7.4252e-08	2676
7.4017e-08	2677
7.37827e-08	2678
7.35492e-08	2679
7.33164e-08	2680
7.30843e-08	2681
7.2853e-08	2682
7.26223e-08	2683
7.23925e-08	2684
7.21633e-08	2685
7.19349e-08	2686
7.17072e-08	2687
7.14802e-08	2688
7.1254e-08	2689
7.10284e-08	2690
7.08036e-08	2691
7.05795e-08	2692
7.03561e-08	2693
7.01334e-08	2694
6.99114e-08	2695
6.96901e-08	2696
6.94695e-08	2697
6.92496e-08	2698
6.90304e-08	2699
6.88119e-08	2700
6.85941e-08	2701
6.83769e-08	2702
6.81605e-08	2703
6.79447e-08	2704
6.77297e-08	2705
6.75153e-08	2706
6.73016e-08	2707
6.70885e-08	2708
6.68762e-08	2709
6.66645e-08	2710
6.64535e-08	2711
6.62431e-08	2712
6.60334e-08	2713
6.58244e-08	2714
6.56161e-08	2715
6.54084e-08	2716
6.52013e-08	2717
6.49949e-08	2718
6.47892e-08	2719
6.45841e-08	2720
6.43797e-08	2721
6.41759e-08	2722
6.39728e-08	2723
6.37703e-08	2724
6.35684e-08	2725
6.33672e-08	2726
6.31666e-08	2727
6.29667e-08	2728
6.27674e-08	2729
6.25687e-08	2730
6.23706e-08	2731
6.21732e-08	2732
6.19764e-08	2733
6.17802e-08	2734
6.15847e-08	2735
6.13897e-08	2736
6.11954e-08	2737
6.10017e-08	2738
6.08086e-08	2739
6.06161e-08	2740
6.04243e-08	2741
6.0233e-08	2742
6.00423e-08	2743
5.98523e-08	2744
5.96628e-08	2745
5.9474e-08	2746
5.92857e-08	2747
5.90981e-08	2748
5.8911e-08	2749
5.87245e-08	2750
5.85386e-08	2751
5.83533e-08	2752
5.81686e-08	2753
5.79845e-08	2754
5.7801e-08	2755
5.7618e-08	2756
5.74356e-08	2757
5.72538e-08	2758
5.70726e-08	2759
5.68919e-08	2760
5.67118e-08	2761
5.65323e-08	2762
5.63534e-08	2763
5.6175e-08	2764
5.59972e-08	2765
5.58199e-08	2766
5.56433e-08	2767
5.54671e-08	2768
5.52916e-08	2769
5.51165e-08	2770
5.49421e-08	2771
5.47682e-08	2772
5.45948e-08	2773
5.4422e-08	2774
5.42497e-08	2775
5.4078e-08	2776
5.39068e-08	2777
5.37362e-08	2778
5.35661e-08	2779
5.33965e-08	2780
5.32275e-08	2781
5.3059e-08	2782
5.28911e-08	2783
5.27237e-08	2784
5.25568e-08	2785
5.23904e-08	2786
5.22246e-08	2787
5.20593e-08	2788
5.18945e-08	2789
5.17302e-08	2790
5.15665e-08	2791
5.14032e-08	2792
5.12405e-08	2793
5.10783e-08	2794
5.09167e-08	2795
5.07555e-08	2796
5.05948e-08	2797
5.04347e-08	2798
5.0275e-08	2799
5.01159e-08	2800
4.99573e-08	2801
4.97991e-08	2802
4.96415e-08	2803
4.94844e-08	2804
4.93277e-08	2805
4.91716e-08	2806
4.90159e-08	2807
4.88608e-08	2808
4.87061e-08	2809
4.8552e-08	2810
4.83983e-08	2811
4.82451e-08	2812
4.80924e-08	2813
4.79401e-08	2814
4.77884e-08	2815
4.76371e-08	2816
4.74863e-08	2817
4.7336e-08	2818
4.71862e-08	2819
4.70368e-08	2820
4.68879e-08	2821
4.67395e-08	2822
4.65916e-08	2823
4.64441e-08	2824
4.62971e-08	2825
4.61505e-08	2826
4.60044e-08	2827
4.58588e-08	2828
4.57137e-08	2829
4.5569e-08	2830
4.54247e-08	2831
4.52809e-08	2832
4.51376e-08	2833
4.49947e-08	2834
4.48523e-08	2835
4.47103e-08	2836
4.45688e-08	2837
4.44277e-08	2838
4.42871e-08	2839
4.41469e-08	2840
4.40072e-08	2841
4.38679e-08	2842
4.3729e-08	2843
4.35906e-08	2844
4.34526e-08	2845
4.33151e-08	2846
4.3178e-08	2847
4.30413e-08	2848
4.29051e-08	2849
4.27692e-08	2850
4.26339e-08	2851
4.24989e-08	2852
4.23644e-08	2853
4.22303e-08	2854
4.20966e-08	2855
4.19634e-08	2856
4.18305e-08	2857
4.16981e-08	2858
4.15661e-08	2859
4.14346e-08	2860
4.13034e-08	2861
4.11727e-08	2862
4.10423e-08	2863
4.09124e-08	2864
4.07829e-08	2865
4.06538e-08	2866
4.05251e-08	2867
4.03969e-08	2868
4.0269e-08	2869
4.01415e-08	2870
4.00145e-08	2871
3.98878e-08	2872
3.97616e-08	2873
3.96357e-08	2874
3.95102e-08	2875
3.93852e-08	2876
3.92605e-08	2877
3.91362e-08	2878
3.90123e-08	2879
3.88889e-08	2880
3.87658e-08	2881
3.86431e-08	2882
3.85207e-08	2883
3.83988e-08	2884
3.82773e-08	2885
3.81561e-08	2886
3.80353e-08	2887
3.79149e-08	2888
3.77949e-08	2889
3.76753e-08	2890
3.7556e-08	2891
3.74371e-08	2892
3.73186e-08	2893
3.72005e-08	2894
3.70828e-08	2895
3.69654e-08	2896
3.68484e-08	2897
3.67317e-08	2898
3.66155e-08	2899
3.64996e-08	2900
3.6384e-08	2901
3.62689e-08	2902
3.6154e-08	2903
3.60396e-08	2904
3.59255e-08	2905
3.58118e-08	2906
3.56985e-08	2907
3.55855e-08	2908
3.54728e-08	2909
3.53605e-08	2910
3.52486e-08	2911
3.5137e-08	2912
3.50258e-08	2913
3.49149e-08	2914
3.48044e-08	2915
3.46942e-08	2916
3.45844e-08	2917
3.4475e-08	2918
3.43658e-08	2919
3.4257e-08	2920
3.41486e-08	2921
3.40405e-08	2922
3.39328e-08	2923
3.38254e-08	2924
3.37183e-08	2925
3.36116e-08	2926
3.35052e-08	2927
3.33991e-08	2928
3.32934e-08	2929
3.3188e-08	2930
3.3083e-08	2931
3.29782e-08	2932
3.28738e-08	2933
3.27698e-08	2934
3.26661e-08	2935
3.25627e-08	2936
3.24596e-08	2937
3.23568e-08	2938
3.22544e-08	2939
3.21523e-08	2940
3.20505e-08	2941
3.19491e-08	2942
3.1848e-08	2943
3.17472e-08	2944
3.16467e-08	2945
3.15465e-08	2946
3.14466e-08	2947
3.13471e-08	2948
3.12479e-08	2949
3.1149e-08	2950
3.10504e-08	2951
3.09521e-08	2952
3.08541e-08	2953
3.07564e-08	2954
3.06591e-08	2955
3.0562e-08	2956
3.04653e-08	2957
3.03689e-08	2958
3.02727e-08	2959
3.01769e-08	2960
3.00814e-08	2961
2.99862e-08	2962
2.98912e-08	2963
2.97966e-08	2964
2.97023e-08	2965
2.96083e-08	2966
2.95146e-08	2967
2.94212e-08	2968
2.9328e-08	2969
2.92352e-08	2970
2.91426e-08	2971
2.90504e-08	2972
2.89584e-08	2973
2.88668e-08	2974
2.87754e-08	2975
2.86843e-08	2976
2.85935e-08	2977
2.8503e-08	2978
2.84128e-08	2979
2.83229e-08	2980
2.82332e-08	2981
2.81438e-08	2982
2.80548e-08	2983
2.79659e-08	2984
2.78774e-08	2985
2.77892e-08	2986
2.77012e-08	2987
2.76135e-08	2988
2.75261e-08	2989
2.7439e-08	2990
2.73521e-08	2991
2.72656e-08	2992
2.71793e-08	2993
2.70932e-08	2994
2.70075e-08	2995
2.6922e-08	2996
2.68368e-08	2997
2.67518e-08	2998
2.66671e-08	2999
2.65827e-08	3000
2.64986e-08	3001
2.64147e-08	3002
2.63311e-08	3003
2.62477e-08	3004
2.61647e-08	3005
2.60818e-08	3006
2.59993e-08	3007
2.5917e-08	3008
2.58349e-08	3009
2.57532e-08	3010
2.56716e-08	3011
2.55904e-08	3012
2.55094e-08	3013
2.54286e-08	3014
2.53481e-08	3015
2.52679e-08	3016
2.51879e-08	3017
2.51082e-08	3018
2.50287e-08	3019
2.49495e-08	3020
2.48705e-08	3021
2.47918e-08	3022
2.47133e-08	3023
2.46351e-08	3024
2.45571e-08	3025
2.44794e-08	3026
2.44019e-08	3027
2.43247e-08	3028
2.42477e-08	3029
2.41709e-08	3030
2.40944e-08	3031
2.40181e-08	3032
2.39421e-08	3033
2.38663e-08	3034
2.37908e-08	3035
2.37155e-08	3036
2.36404e-08	3037
2.35656e-08	3038
2.3491e-08	3039
2.34166e-08	3040
2.33425e-08	3041
2.32686e-08	3042
2.3195e-08	3043
2.31215e-08	3044
2.30483e-08	3045
2.29754e-08	3046
2.29027e-08	3047
2.28302e-08	3048
2.27579e-08	3049
2.26859e-08	3050
2.26141e-08	3051
2.25425e-08	3052
2.24711e-08	3053
2.24e-08	3054
2.23291e-08	3055
2.22584e-08	3056
2.21879e-08	3057
2.21177e-08	3058
2.20477e-08	3059
2.19779e-08	3060
2.19083e-08	3061
2.1839e-08	3062
2.17699e-08	3063
2.1701e-08	3064
2.16323e-08	3065
2.15638e-08	3066
2.14955e-08	3067
2.14275e-08	3068
2.13597e-08	3069
2.12921e-08	3070
2.12247e-08	3071
2.11575e-08	3072
2.10905e-08	3073
2.10237e-08	3074
2.09572e-08	3075
2.08909e-08	3076
2.08247e-08	3077
2.07588e-08	3078
2.06931e-08	3079
2.06276e-08	3080
2.05623e-08	3081
2.04972e-08	3082
2.04323e-08	3083
2.03677e-08	3084
2.03032e-08	3085
2.02389e-08	3086
2.01749e-08	3087
2.0111e-08	3088
2.00473e-08	3089
1.99839e-08	3090
1.99206e-08	3091
1.98576e-08	3092
1.97947e-08	3093
1.97321e-08	3094
1.96696e-08	3095
1.96073e-08	3096
1.95453e-08	3097
1.94834e-08	3098
1.94217e-08	3099
1.93603e-08	3100
1.9299e-08	3101
1.92379e-08	3102
1.9177e-08	3103
1.91163e-08	3104
1.90558e-08	3105
1.89955e-08	3106
1.89353e-08	3107
1.88754e-08	3108
1.88156e-08	3109
1.87561e-08	3110
1.86967e-08	3111
1.86375e-08	3112
1.85785e-08	3113
1.85197e-08	3114
1.84611e-08	3115
1.84027e-08	3116
1.83444e-08	3117
1.82864e-08	3118
1.82285e-08	3119
1.81708e-08	3120
1.81133e-08	3121
1.80559e-08	3122
1.79988e-08	3123
1.79418e-08	3124
1.7885e-08	3125
1.78284e-08	3126
1.7772e-08	3127
1.77157e-08	3128
1.76596e-08	3129
1.76037e-08	3130
1.7548e-08	3131
1.74925e-08	3132
1.74371e-08	3133
1.73819e-08	3134
1.73269e-08	3135
1.7272e-08	3136
1.72174e-08	3137
1.71629e-08	3138
1.71085e-08	3139
1.70544e-08	3140
1.70004e-08	3141
1.69466e-08	3142
1.68929e-08	3143
1.68395e-08	3144
1.67862e-08	3145
1.6733e-08	3146
1.66801e-08	3147
1.66273e-08	3148
1.65746e-08	3149
1.65222e-08	3150
1.64699e-08	3151
1.64177e-08	3152
1.63658e-08	3153
1.6314e-08	3154
1.62623e-08	3155
1.62108e-08	3156
1.61595e-08	3157
1.61084e-08	3158
1.60574e-08	3159
1.60066e-08	3160
1.59559e-08	3161
1.59054e-08	3162
1.5855e-08	3163
1.58049e-08	3164
1.57548e-08	3165
1.5705e-08	3166
1.56552e-08	3167
1.56057e-08	3168
1.55563e-08	3169
1.55071e-08	3170
1.5458e-08	3171
1.5409e-08	3172
1.53603e-08	3173
1.53116e-08	3174
1.52632e-08	3175
1.52149e-08	3176
1.51667e-08	3177
1.51187e-08	3178
1.50708e-08	3179
1.50231e-08	3180
1.49756e-08	3181
1.49282e-08	3182
1.48809e-08	3183
1.48338e-08	3184
1.47869e-08	3185
1.47401e-08	3186
1.46934e-08	3187
1.46469e-08	3188
1.46005e-08	3189
1.45543e-08	3190
1.45082e-08	3191
1.44623e-08	3192
1.44165e-08	3193
1.43709e-08	3194
1.43254e-08	3195
1.42801e-08	3196
1.42349e-08	3197
1.41898e-08	3198
1.41449e-08	3199
1.41001e-08	3200
1.40555e-08	3201
1.4011e-08	3202
1.39666e-08	3203
1.39224e-08	3204
1.38784e-08	3205
1.38344e-08	3206
1.37906e-08	3207
1.3747e-08	3208
1.37035e-08	3209
1.36601e-08	3210
1.36169e-08	3211
1.35738e-08	3212
1.35308e-08	3213
1.3488e-08	3214
1.34453e-08	3215
1.34027e-08	3216
1.33603e-08	3217
1.3318e-08	3218
1.32758e-08	3219
1.32338e-08	3220
1.31919e-08	3221
1.31502e-08	3222
1.31085e-08	3223
1.3067e-08	3224
1.30257e-08	3225
1.29845e-08	3226
1.29434e-08	3227
1.29024e-08	3228
1.28615e-08	3229
1.28208e-08	3230
1.27802e-08	3231
1.27398e-08	3232
1.26995e-08	3233
1.26593e-08	3234
1.26192e-08	3235
1.25793e-08	3236
1.25394e-08	3237
1.24997e-08	3238
1.24602e-08	3239
1.24207e-08	3240
1.23814e-08	3241
1.23422e-08	3242
1.23032e-08	3243
1.22642e-08	3244
1.22254e-08	3245
1.21867e-08	3246
1.21481e-08	3247
1.21097e-08	3248
1.20713e-08	3249
1.20331e-08	3250
1.1995e-08	3251
1.19571e-08	3252
1.19192e-08	3253
1.18815e-08	3254
1.18439e-08	3255
1.18064e-08	3256
1.1769e-08	3257
1.17318e-08	3258
1.16946e-08	3259
1.16576e-08	3260
1.16207e-08	3261
1.15839e-08	3262
1.15473e-08	3263
1.15107e-08	3264
1.14743e-08	3265
1.1438e-08	3266
1.14017e-08	3267
1.13657e-08	3268
1.13297e-08	3269
1.12938e-08	3270
1.12581e-08	3271
1.12224e-08	3272
1.11869e-08	3273
1.11515e-08	3274
1.11162e-08	3275
1.1081e-08	3276
1.10459e-08	3277
1.1011e-08	3278
1.09761e-08	3279
1.09414e-08	3280
1.09067e-08	3281
1.08722e-08	3282
1.08378e-08	3283
1.08035e-08	3284
1.07693e-08	3285
1.07352e-08	3286
1.07012e-08	3287
1.06674e-08	3288
1.06336e-08	3289
1.05999e-08	3290
1.05664e-08	3291
1.05329e-08	3292
1.04996e-08	3293
1.04664e-08	3294
1.04332e-08	3295
1.04002e-08	3296
1.03673e-08	3297
1.03345e-08	3298
1.03017e-08	3299
1.02691e-08	3300
1.02366e-08	3301
1.02042e-08	3302
1.01719e-08	3303
1.01397e-08	3304
1.01076e-08	3305
1.00756e-08	3306
1.00437e-08	3307
1.0012e-08	3308
9.98027e-09	3309
