Residual:		TOTAL FINE ITERATIONS		TOTAL COARSE ITERATIONS
-----------------------------------------------------------
24364.3	4	1
14708.4	6	2
10310.5	8	3
7791.77	10	4
6167.61	12	5
5042.99	14	6
4225.73	16	7
3610.32	18	8
3133.85	20	9
2756.56	22	10
2452.14	24	11
2202.56	26	12
1995.08	28	13
1820.49	30	14
1671.98	32	15
1544.44	34	16
1433.95	36	17
1337.47	38	18
1252.63	40	19
1177.53	42	20
1110.65	44	21
1050.76	46	22
996.859	48	23
948.118	50	24
903.849	52	25
863.479	54	26
826.524	56	27
792.576	58	28
761.286	60	29
732.358	62	30
705.536	64	31
680.598	66	32
657.353	68	33
635.633	70	34
615.294	72	35
596.205	74	36
578.254	76	37
561.341	78	38
545.377	80	39
530.283	82	40
515.988	84	41
502.43	86	42
489.55	88	43
477.299	90	44
465.629	92	45
454.5	94	46
443.874	96	47
433.715	98	48
423.993	100	49
414.68	102	50
405.748	104	51
397.175	106	52
388.938	108	53
381.016	110	54
373.392	112	55
366.049	114	56
358.969	116	57
352.14	118	58
345.546	120	59
339.177	122	60
333.018	124	61
327.061	126	62
321.295	128	63
315.71	130	64
310.297	132	65
305.049	134	66
299.957	136	67
295.014	138	68
290.214	140	69
285.549	142	70
281.015	144	71
276.605	146	72
272.314	148	73
268.137	150	74
264.07	152	75
260.107	154	76
256.245	156	77
252.479	158	78
248.806	160	79
245.223	162	80
241.725	164	81
238.31	166	82
234.974	168	83
231.715	170	84
228.53	172	85
225.417	174	86
222.371	176	87
219.393	178	88
216.478	180	89
213.626	182	90
210.833	184	91
208.098	186	92
205.419	188	93
202.794	190	94
200.222	192	95
197.7	194	96
195.228	196	97
192.803	198	98
190.424	200	99
188.091	202	100
185.801	204	101
183.553	206	102
181.346	208	103
179.179	210	104
177.05	212	105
174.959	214	106
172.905	216	107
170.886	218	108
168.902	220	109
166.951	222	110
165.033	224	111
163.147	226	112
161.292	228	113
159.467	230	114
157.671	232	115
155.904	234	116
154.166	236	117
152.454	238	118
150.769	240	119
149.109	242	120
147.475	244	121
145.866	246	122
144.281	248	123
142.719	250	124
141.18	252	125
139.664	254	126
138.169	256	127
136.696	258	128
135.244	260	129
133.813	262	130
132.401	264	131
131.009	266	132
129.636	268	133
128.282	270	134
126.946	272	135
125.628	274	136
124.328	276	137
123.045	278	138
121.779	280	139
120.529	282	140
119.296	284	141
118.078	286	142
116.876	288	143
115.69	290	144
114.518	292	145
113.361	294	146
112.218	296	147
111.09	298	148
109.975	300	149
108.874	302	150
107.786	304	151
106.712	306	152
105.65	308	153
104.601	310	154
103.565	312	155
102.541	314	156
101.528	316	157
100.528	318	158
99.539	320	159
98.5616	322	160
97.5954	324	161
96.6403	326	162
95.696	328	163
94.7624	330	164
93.8393	332	165
92.9265	334	166
92.024	336	167
91.1314	338	168
90.2488	340	169
89.3758	342	170
88.5125	344	171
87.6585	346	172
86.8139	348	173
85.9784	350	174
85.1519	352	175
84.3343	354	176
83.5255	356	177
82.7253	358	178
81.9336	360	179
81.1503	362	180
80.3752	364	181
79.6083	366	182
78.8495	368	183
78.0986	370	184
77.3555	372	185
76.6201	374	186
75.8924	376	187
75.1722	378	188
74.4594	380	189
73.7539	382	190
73.0556	384	191
72.3645	386	192
71.6804	388	193
71.0032	390	194
70.333	392	195
69.6695	394	196
69.0126	396	197
68.3624	398	198
67.7188	400	199
67.0816	402	200
66.4507	404	201
65.8261	406	202
65.2078	408	203
64.5956	410	204
63.9895	412	205
63.3893	414	206
62.7951	416	207
62.2068	418	208
61.6242	420	209
61.0474	422	210
60.4762	424	211
59.9106	426	212
59.3506	428	213
58.796	430	214
58.2468	432	215
57.7029	434	216
57.1644	436	217
56.631	438	218
56.1029	440	219
55.5798	442	220
55.0618	444	221
54.5488	446	222
54.0407	448	223
53.5376	450	224
53.0392	452	225
52.5457	454	226
52.0569	456	227
51.5727	458	228
51.0932	460	229
50.6183	462	230
50.148	464	231
49.6821	466	232
49.2206	468	233
48.7636	470	234
48.3109	472	235
47.8625	474	236
47.4183	476	237
46.9784	478	238
46.5427	480	239
46.111	482	240
45.6835	484	241
45.26	486	242
44.8405	488	243
44.425	490	244
44.0134	492	245
43.6057	494	246
43.2018	496	247
42.8017	498	248
42.4054	500	249
42.0129	502	250
41.624	504	251
41.2388	506	252
40.8572	508	253
40.4791	510	254
40.1047	512	255
39.7337	514	256
39.3662	516	257
39.0022	518	258
38.6415	520	259
38.2843	522	260
37.9303	524	261
37.5797	526	262
37.2324	528	263
36.8883	530	264
36.5474	532	265
36.2098	534	266
35.8752	536	267
35.5438	538	268
35.2155	540	269
34.8902	542	270
34.568	544	271
34.2487	546	272
33.9325	548	273
33.6192	550	274
33.3088	552	275
33.0013	554	276
32.6966	556	277
32.3948	558	278
32.0958	560	279
31.7996	562	280
31.5061	564	281
31.2153	566	282
30.9273	568	283
30.6419	570	284
30.3592	572	285
30.0791	574	286
29.8016	576	287
29.5266	578	288
29.2542	580	289
28.9844	582	290
28.717	584	291
28.4522	586	292
28.1897	588	293
27.9297	590	294
27.6722	592	295
27.417	594	296
27.1641	596	297
26.9136	598	298
26.6655	600	299
26.4196	602	300
26.176	604	301
25.9347	606	302
25.6956	608	303
25.4587	610	304
25.2239	612	305
24.9914	614	306
24.761	616	307
24.5328	618	308
24.3066	620	309
24.0826	622	310
23.8606	624	311
23.6407	626	312
23.4228	628	313
23.2069	630	314
22.993	632	315
22.7811	634	316
22.5711	636	317
22.3631	638	318
22.157	640	319
21.9528	642	320
21.7505	644	321
21.5501	646	322
21.3515	648	323
21.1547	650	324
20.9598	652	325
20.7666	654	326
20.5753	656	327
20.3857	658	328
20.1979	660	329
20.0118	662	330
19.8274	664	331
19.6447	666	332
19.4637	668	333
19.2844	670	334
19.1067	672	335
18.9306	674	336
18.7562	676	337
18.5834	678	338
18.4122	680	339
18.2426	682	340
18.0745	684	341
17.908	686	342
17.743	688	343
17.5796	690	344
17.4176	692	345
17.2571	694	346
17.0982	696	347
16.9407	698	348
16.7846	700	349
16.63	702	350
16.4768	704	351
16.325	706	352
16.1746	708	353
16.0256	710	354
15.878	712	355
15.7317	714	356
15.5868	716	357
15.4432	718	358
15.301	720	359
15.16	722	360
15.0204	724	361
14.882	726	362
14.7449	728	363
14.6091	730	364
14.4746	732	365
14.3412	734	366
14.2091	736	367
14.0782	738	368
13.9486	740	369
13.8201	742	370
13.6928	744	371
13.5667	746	372
13.4417	748	373
13.3179	750	374
13.1952	752	375
13.0737	754	376
12.9533	756	377
12.834	758	378
12.7158	760	379
12.5986	762	380
12.4826	764	381
12.3676	766	382
12.2537	768	383
12.1408	770	384
12.029	772	385
11.9182	774	386
11.8085	776	387
11.6997	778	388
11.5919	780	389
11.4852	782	390
11.3794	784	391
11.2746	786	392
11.1707	788	393
11.0678	790	394
10.9659	792	395
10.8649	794	396
10.7648	796	397
10.6657	798	398
10.5674	800	399
10.4701	802	400
10.3737	804	401
10.2781	806	402
10.1835	808	403
10.0897	810	404
9.99676	812	405
9.90469	814	406
9.81346	816	407
9.72308	818	408
9.63353	820	409
9.5448	822	410
9.45689	824	411
9.36979	826	412
9.28349	828	413
9.19799	830	414
9.11328	832	415
9.02934	834	416
8.94618	836	417
8.86378	838	418
8.78215	840	419
8.70126	842	420
8.62112	844	421
8.54172	846	422
8.46305	848	423
8.38511	850	424
8.30788	852	425
8.23136	854	426
8.15555	856	427
8.08044	858	428
8.00602	860	429
7.93228	862	430
7.85922	864	431
7.78684	866	432
7.71512	868	433
7.64407	870	434
7.57366	872	435
7.50391	874	436
7.4348	876	437
7.36633	878	438
7.29848	880	439
7.23126	882	440
7.16466	884	441
7.09867	886	442
7.0333	888	443
6.96852	890	444
6.90434	892	445
6.84075	894	446
6.77775	896	447
6.71532	898	448
6.65348	900	449
6.5922	902	450
6.53148	904	451
6.47133	906	452
6.41173	908	453
6.35267	910	454
6.29417	912	455
6.2362	914	456
6.17876	916	457
6.12185	918	458
6.06547	920	459
6.00961	922	460
5.95426	924	461
5.89942	926	462
5.84509	928	463
5.79126	930	464
5.73792	932	465
5.68507	934	466
5.63271	936	467
5.58083	938	468
5.52943	940	469
5.47851	942	470
5.42805	944	471
5.37806	946	472
5.32853	948	473
5.27945	950	474
5.23083	952	475
5.18265	954	476
5.13492	956	477
5.08763	958	478
5.04077	960	479
4.99434	962	480
4.94835	964	481
4.90277	966	482
4.85762	968	483
4.81288	970	484
4.76855	972	485
4.72463	974	486
4.68112	976	487
4.63801	978	488
4.59529	980	489
4.55297	982	490
4.51103	984	491
4.46949	986	492
4.42832	988	493
4.38754	990	494
4.34713	992	495
4.30709	994	496
4.26742	996	497
4.22812	998	498
4.18918	1000	499
4.1506	1002	500
4.11237	1004	501
4.0745	1006	502
4.03697	1008	503
3.99979	1010	504
3.96295	1012	505
3.92645	1014	506
3.89029	1016	507
3.85446	1018	508
3.81896	1020	509
3.78379	1022	510
3.74894	1024	511
3.71441	1026	512
3.6802	1028	513
3.64631	1030	514
3.61272	1032	515
3.57945	1034	516
3.54648	1036	517
3.51382	1038	518
3.48146	1040	519
3.44939	1042	520
3.41762	1044	521
3.38615	1046	522
3.35496	1048	523
3.32406	1050	524
3.29345	1052	525
3.26311	1054	526
3.23306	1056	527
3.20328	1058	528
3.17378	1060	529
3.14455	1062	530
3.11559	1064	531
3.08689	1066	532
3.05846	1068	533
3.03029	1070	534
3.00239	1072	535
2.97473	1074	536
2.94734	1076	537
2.92019	1078	538
2.8933	1080	539
2.86665	1082	540
2.84025	1084	541
2.81409	1086	542
2.78817	1088	543
2.76249	1090	544
2.73705	1092	545
2.71184	1094	546
2.68686	1096	547
2.66212	1098	548
2.6376	1100	549
2.61331	1102	550
2.58924	1104	551
2.56539	1106	552
2.54176	1108	553
2.51835	1110	554
2.49516	1112	555
2.47218	1114	556
2.44941	1116	557
2.42685	1118	558
2.4045	1120	559
2.38235	1122	560
2.36041	1124	561
2.33867	1126	562
2.31713	1128	563
2.29579	1130	564
2.27465	1132	565
2.2537	1134	566
2.23294	1136	567
2.21237	1138	568
2.192	1140	569
2.17181	1142	570
2.15181	1144	571
2.13199	1146	572
2.11235	1148	573
2.0929	1150	574
2.07362	1152	575
2.05452	1154	576
2.0356	1156	577
2.01685	1158	578
1.99828	1160	579
1.97987	1162	580
1.96164	1164	581
1.94357	1166	582
1.92567	1168	583
1.90794	1170	584
1.89036	1172	585
1.87295	1174	586
1.8557	1176	587
1.83861	1178	588
1.82168	1180	589
1.8049	1182	590
1.78828	1184	591
1.77181	1186	592
1.75549	1188	593
1.73932	1190	594
1.7233	1192	595
1.70743	1194	596
1.6917	1196	597
1.67612	1198	598
1.66069	1200	599
1.64539	1202	600
1.63024	1204	601
1.61522	1206	602
1.60035	1208	603
1.58561	1210	604
1.571	1212	605
1.55653	1214	606
1.5422	1216	607
1.52799	1218	608
1.51392	1220	609
1.49998	1222	610
1.48616	1224	611
1.47247	1226	612
1.45891	1228	613
1.44548	1230	614
1.43216	1232	615
1.41897	1234	616
1.4059	1236	617
1.39296	1238	618
1.38013	1240	619
1.36742	1242	620
1.35482	1244	621
1.34234	1246	622
1.32998	1248	623
1.31773	1250	624
1.30559	1252	625
1.29357	1254	626
1.28166	1256	627
1.26985	1258	628
1.25816	1260	629
1.24657	1262	630
1.23509	1264	631
1.22371	1266	632
1.21244	1268	633
1.20127	1270	634
1.19021	1272	635
1.17925	1274	636
1.16839	1276	637
1.15763	1278	638
1.14696	1280	639
1.1364	1282	640
1.12593	1284	641
1.11556	1286	642
1.10529	1288	643
1.09511	1290	644
1.08502	1292	645
1.07503	1294	646
1.06513	1296	647
1.05532	1298	648
1.0456	1300	649
1.03597	1302	650
1.02643	1304	651
1.01698	1306	652
1.00761	1308	653
0.998329	1310	654
0.989134	1312	655
0.980024	1314	656
0.970998	1316	657
0.962055	1318	658
0.953194	1320	659
0.944415	1322	660
0.935717	1324	661
0.927099	1326	662
0.91856	1328	663
0.9101	1330	664
0.901718	1332	665
0.893413	1334	666
0.885185	1336	667
0.877032	1338	668
0.868954	1340	669
0.860951	1342	670
0.853022	1344	671
0.845165	1346	672
0.837381	1348	673
0.829669	1350	674
0.822027	1352	675
0.814456	1354	676
0.806955	1356	677
0.799523	1358	678
0.792159	1360	679
0.784863	1362	680
0.777635	1364	681
0.770473	1366	682
0.763376	1368	683
0.756346	1370	684
0.74938	1372	685
0.742478	1374	686
0.735639	1376	687
0.728864	1378	688
0.722151	1380	689
0.7155	1382	690
0.70891	1384	691
0.702381	1386	692
0.695912	1388	693
0.689503	1390	694
0.683152	1392	695
0.67686	1394	696
0.670626	1396	697
0.66445	1398	698
0.65833	1400	699
0.652267	1402	700
0.646259	1404	701
0.640307	1406	702
0.63441	1408	703
0.628567	1410	704
0.622778	1412	705
0.617042	1414	706
0.611359	1416	707
0.605728	1418	708
0.600149	1420	709
0.594622	1422	710
0.589145	1424	711
0.583719	1426	712
0.578343	1428	713
0.573016	1430	714
0.567739	1432	715
0.56251	1434	716
0.557329	1436	717
0.552196	1438	718
0.54711	1440	719
0.542071	1442	720
0.537079	1444	721
0.532132	1446	722
0.527231	1448	723
0.522375	1450	724
0.517564	1452	725
0.512797	1454	726
0.508074	1456	727
0.503395	1458	728
0.498759	1460	729
0.494165	1462	730
0.486613	1464	732
0.479175	1466	734
0.471849	1468	736
0.464634	1470	738
0.45753	1472	740
0.450533	1474	742
0.443644	1476	744
0.436859	1478	746
0.430178	1480	748
0.423599	1482	750
0.41712	1484	752
0.410741	1486	754
0.404459	1488	756
0.398272	1490	758
0.392181	1492	760
0.386182	1494	762
0.380275	1496	764
0.374459	1498	766
0.368731	1500	768
0.36309	1502	770
0.357536	1504	772
0.352067	1506	774
0.346682	1508	776
0.341378	1510	778
0.336156	1512	780
0.331014	1514	782
0.32595	1516	784
0.320964	1518	786
0.316054	1520	788
0.311219	1522	790
0.306457	1524	792
0.301769	1526	794
0.297153	1528	796
0.292606	1530	798
0.28813	1532	800
0.283722	1534	802
0.279381	1536	804
0.275107	1538	806
0.270898	1540	808
0.266753	1542	810
0.262672	1544	812
0.258653	1546	814
0.254696	1548	816
0.250799	1550	818
0.246962	1552	820
0.243184	1554	822
0.239463	1556	824
0.235799	1558	826
0.232191	1560	828
0.228639	1562	830
0.22514	1564	832
0.221696	1566	834
0.218303	1568	836
0.214963	1570	838
0.211674	1572	840
0.208435	1574	842
0.205246	1576	844
0.202106	1578	846
0.199013	1580	848
0.195968	1582	850
0.19297	1584	852
0.190017	1586	854
0.187109	1588	856
0.184246	1590	858
0.181427	1592	860
0.178651	1594	862
0.175917	1596	864
0.173226	1598	866
0.170575	1600	868
0.167965	1602	870
0.165395	1604	872
0.162864	1606	874
0.160372	1608	876
0.157918	1610	878
0.155501	1612	880
0.153122	1614	882
0.150779	1616	884
0.148471	1618	886
0.1462	1620	888
0.143962	1622	890
0.141759	1624	892
0.13959	1626	894
0.137454	1628	896
0.135351	1630	898
0.13328	1632	900
0.13124	1634	902
0.129232	1636	904
0.127254	1638	906
0.125307	1640	908
0.123389	1642	910
0.121501	1644	912
0.119642	1646	914
0.117811	1648	916
0.116008	1650	918
0.114233	1652	920
0.112485	1654	922
0.110764	1656	924
0.109069	1658	926
0.107399	1660	928
0.105756	1662	930
0.104138	1664	932
0.102544	1666	934
0.100975	1668	936
0.0994295	1670	938
0.0979079	1672	940
0.0964096	1674	942
0.0949343	1676	944
0.0934815	1678	946
0.0920509	1680	948
0.0906422	1682	950
0.0892551	1684	952
0.0878892	1686	954
0.0865443	1688	956
0.0852199	1690	958
0.0839157	1692	960
0.0826315	1694	962
0.081367	1696	964
0.0801218	1698	966
0.0788957	1700	968
0.0776883	1702	970
0.0764994	1704	972
0.0753287	1706	974
0.0741759	1708	976
0.0730408	1710	978
0.071923	1712	980
0.0708223	1714	982
0.0697385	1716	984
0.0686713	1718	986
0.0676204	1720	988
0.0665855	1722	990
0.0655665	1724	992
0.0645631	1726	994
0.0635751	1728	996
0.0626022	1730	998
0.0616441	1732	1000
0.0607008	1734	1002
0.0597718	1736	1004
0.0588571	1738	1006
0.0579564	1740	1008
0.0570694	1742	1010
0.0561961	1744	1012
0.0553361	1746	1014
0.0544892	1748	1016
0.0536553	1750	1018
0.0528342	1752	1020
0.0520256	1754	1022
0.0512295	1756	1024
0.0504455	1758	1026
0.0496735	1760	1028
0.0489133	1762	1030
0.0481647	1764	1032
0.0474276	1766	1034
0.0467018	1768	1036
0.0459871	1770	1038
0.0452833	1772	1040
0.0445903	1774	1042
0.0439079	1776	1044
0.0432359	1778	1046
0.0425743	1780	1048
0.0419227	1782	1050
0.0412811	1784	1052
0.0406494	1786	1054
0.0400273	1788	1056
0.0394147	1790	1058
0.0388115	1792	1060
0.0382176	1794	1062
0.0376327	1796	1064
0.0370568	1798	1066
0.0364897	1800	1068
0.0359312	1802	1070
0.0353813	1804	1072
0.0348399	1806	1074
0.0343067	1808	1076
0.0337817	1810	1078
0.0332647	1812	1080
0.0327556	1814	1082
0.0322543	1816	1084
0.0317607	1818	1086
0.0312746	1820	1088
0.030796	1822	1090
0.0303247	1824	1092
0.0298606	1826	1094
0.0294036	1828	1096
0.0289536	1830	1098
0.0285105	1832	1100
0.0280742	1834	1102
0.0276446	1836	1104
0.0272215	1838	1106
0.0268049	1840	1108
0.0263947	1842	1110
0.0259907	1844	1112
0.025593	1846	1114
0.0252013	1848	1116
0.0248156	1850	1118
0.0244358	1852	1120
0.0240619	1854	1122
0.0236936	1856	1124
0.023331	1858	1126
0.022974	1860	1128
0.0226224	1862	1130
0.0222762	1864	1132
0.0219352	1866	1134
0.0215996	1868	1136
0.021269	1870	1138
0.0209435	1872	1140
0.020623	1874	1142
0.0203074	1876	1144
0.0199966	1878	1146
0.0196905	1880	1148
0.0193892	1882	1150
0.0190925	1884	1152
0.0188003	1886	1154
0.0185126	1888	1156
0.0182292	1890	1158
0.0179503	1892	1160
0.0176756	1894	1162
0.017405	1896	1164
0.0171387	1898	1166
0.0168764	1900	1168
0.0166181	1902	1170
0.0163638	1904	1172
0.0161134	1906	1174
0.0158668	1908	1176
0.0156239	1910	1178
0.0153848	1912	1180
0.0151494	1914	1182
0.0149175	1916	1184
0.0146892	1918	1186
0.0144644	1920	1188
0.0142431	1922	1190
0.0140251	1924	1192
0.0138104	1926	1194
0.0135991	1928	1196
0.013391	1930	1198
0.013186	1932	1200
0.0129842	1934	1202
0.0127855	1936	1204
0.0125898	1938	1206
0.0123972	1940	1208
0.0122074	1942	1210
0.0120206	1944	1212
0.0118367	1946	1214
0.0116555	1948	1216
0.0114771	1950	1218
0.0113015	1952	1220
0.0111285	1954	1222
0.0109582	1956	1224
0.0107905	1958	1226
0.0106254	1960	1228
0.0104628	1962	1230
0.0103026	1964	1232
0.010145	1966	1234
0.00998971	1968	1236
0.00983682	1970	1238
0.00968628	1972	1240
0.00953804	1974	1242
0.00939207	1976	1244
0.00924833	1978	1246
0.0091068	1980	1248
0.00896743	1982	1250
0.00883019	1984	1252
0.00869505	1986	1254
0.00856198	1988	1256
0.00843095	1990	1258
0.00830192	1992	1260
0.00817487	1994	1262
0.00804976	1996	1264
0.00792656	1998	1266
0.00780525	2000	1268
0.0076858	2002	1270
0.00756818	2004	1272
0.00745235	2006	1274
0.0073383	2008	1276
0.007226	2010	1278
0.00711541	2012	1280
0.00700652	2014	1282
0.00689929	2016	1284
0.0067937	2018	1286
0.00668973	2020	1288
0.00658735	2022	1290
0.00648653	2024	1292
0.00638726	2026	1294
0.00628951	2028	1296
0.00619326	2030	1298
0.00609848	2032	1300
0.00600514	2034	1302
0.00591324	2036	1304
0.00582274	2038	1306
0.00573363	2040	1308
0.00564588	2042	1310
0.00555948	2044	1312
0.0054744	2046	1314
0.00539062	2048	1316
0.00530812	2050	1318
0.00522688	2052	1320
0.00514689	2054	1322
0.00506812	2056	1324
0.00499056	2058	1326
0.00491418	2060	1328
0.00483898	2062	1330
0.00476492	2064	1332
0.004692	2066	1334
0.00462019	2068	1336
0.00454948	2070	1338
0.00447986	2072	1340
0.0044113	2074	1342
0.00434379	2076	1344
0.00427731	2078	1346
0.00421185	2080	1348
0.00414739	2082	1350
0.00408392	2084	1352
0.00402142	2086	1354
0.00395987	2088	1356
0.00389927	2090	1358
0.0038396	2092	1360
0.00378083	2094	1362
0.00372297	2096	1364
0.00366599	2098	1366
0.00360989	2100	1368
0.00355464	2102	1370
0.00350024	2104	1372
0.00344668	2106	1374
0.00339393	2108	1376
0.00334199	2110	1378
0.00329084	2112	1380
0.00324048	2114	1382
0.00319088	2116	1384
0.00314205	2118	1386
0.00309396	2120	1388
0.00304661	2122	1390
0.00299999	2124	1392
0.00295408	2126	1394
0.00290887	2128	1396
0.00286435	2130	1398
0.00282051	2132	1400
0.00277735	2134	1402
0.00273484	2136	1404
0.00269299	2138	1406
0.00265177	2140	1408
0.00261119	2142	1410
0.00257123	2144	1412
0.00253188	2146	1414
0.00249313	2148	1416
0.00245498	2150	1418
0.00241741	2152	1420
0.00238041	2154	1422
0.00234398	2156	1424
0.00230811	2158	1426
0.00227278	2160	1428
0.002238	2162	1430
0.00220375	2164	1432
0.00217002	2166	1434
0.00213681	2168	1436
0.00210411	2170	1438
0.00207191	2172	1440
0.0020402	2174	1442
0.00200898	2176	1444
0.00197823	2178	1446
0.00194796	2180	1448
0.00191815	2182	1450
0.00188879	2184	1452
0.00185988	2186	1454
0.00183142	2188	1456
0.00180339	2190	1458
0.00177579	2192	1460
0.00174862	2194	1462
0.00172185	2196	1464
0.0016955	2198	1466
0.00166955	2200	1468
0.001644	2202	1470
0.00161884	2204	1472
0.00159407	2206	1474
0.00156967	2208	1476
0.00154565	2210	1478
0.001522	2212	1480
0.0014987	2214	1482
0.00147577	2216	1484
0.00145318	2218	1486
0.00143094	2220	1488
0.00140904	2222	1490
0.00138748	2224	1492
0.00136624	2226	1494
0.00134534	2228	1496
0.00132475	2230	1498
0.00130447	2232	1500
0.00128451	2234	1502
0.00126485	2236	1504
0.00124549	2238	1506
0.00122643	2240	1508
0.00120766	2242	1510
0.00118918	2244	1512
0.00117098	2246	1514
0.00115306	2248	1516
0.00113541	2250	1518
0.00111804	2252	1520
0.00110093	2254	1522
0.00108408	2256	1524
0.00106749	2258	1526
0.00105115	2260	1528
0.00103506	2262	1530
0.00101922	2264	1532
0.00100362	2266	1534
0.000988264	2268	1536
0.00097314	2270	1538
0.000958247	2272	1540
0.000943582	2274	1542
0.000929141	2276	1544
0.000914921	2278	1546
0.000900919	2280	1548
0.000887132	2282	1550
0.000873555	2284	1552
0.000860186	2286	1554
0.000847022	2288	1556
0.000834059	2290	1558
0.000821294	2292	1560
0.000808725	2294	1562
0.000796348	2296	1564
0.000784161	2298	1566
0.00077216	2300	1568
0.000760343	2302	1570
0.000748706	2304	1572
0.000737248	2306	1574
0.000725965	2308	1576
0.000714855	2310	1578
0.000703915	2312	1580
0.000693142	2314	1582
0.000682534	2316	1584
0.000672089	2318	1586
0.000661803	2320	1588
0.000651675	2322	1590
0.000641701	2324	1592
0.000631881	2326	1594
0.00062221	2328	1596
0.000612688	2330	1598
0.000603311	2332	1600
0.000594078	2334	1602
0.000584986	2336	1604
0.000576034	2338	1606
0.000567218	2340	1608
0.000558537	2342	1610
0.000549989	2344	1612
0.000541572	2346	1614
0.000533284	2348	1616
0.000525122	2350	1618
0.000517086	2352	1620
0.000509172	2354	1622
0.00050138	2356	1624
0.000493707	2358	1626
0.000486151	2360	1628
0.000478711	2362	1630
0.000471385	2364	1632
0.000464171	2366	1634
0.000457067	2368	1636
0.000450072	2370	1638
0.000443184	2372	1640
0.000436401	2374	1642
0.000429723	2376	1644
0.000423146	2378	1646
0.00041667	2380	1648
0.000410294	2382	1650
0.000404014	2384	1652
0.000397831	2386	1654
0.000391743	2388	1656
0.000385748	2390	1658
0.000379844	2392	1660
0.000374031	2394	1662
0.000368307	2396	1664
0.00036267	2398	1666
0.00035712	2400	1668
0.000351654	2402	1670
0.000346273	2404	1672
0.000340973	2406	1674
0.000335755	2408	1676
0.000330617	2410	1678
0.000325557	2412	1680
0.000320574	2414	1682
0.000315668	2416	1684
0.000310837	2418	1686
0.00030608	2420	1688
0.000301396	2422	1690
0.000296783	2424	1692
0.000292241	2426	1694
0.000287769	2428	1696
0.000283365	2430	1698
0.000279028	2432	1700
0.000274758	2434	1702
0.000270553	2436	1704
0.000266412	2438	1706
0.000262335	2440	1708
0.00025832	2442	1710
0.000254367	2444	1712
0.000250474	2446	1714
0.000246641	2448	1716
0.000242866	2450	1718
0.000239149	2452	1720
0.000235489	2454	1722
0.000231885	2456	1724
0.000228337	2458	1726
0.000224842	2460	1728
0.000221401	2462	1730
0.000218013	2464	1732
0.000214676	2466	1734
0.000211391	2468	1736
0.000208156	2470	1738
0.00020497	2472	1740
0.000201833	2474	1742
0.000198744	2476	1744
0.000195703	2478	1746
0.000192708	2480	1748
0.000189759	2482	1750
0.000186854	2484	1752
0.000183995	2486	1754
0.000181179	2488	1756
0.000178406	2490	1758
0.000175676	2492	1760
0.000172987	2494	1762
0.00017034	2496	1764
0.000167733	2498	1766
0.000165166	2500	1768
0.000162638	2502	1770
0.000160149	2504	1772
0.000157698	2506	1774
0.000155285	2508	1776
0.000152908	2510	1778
0.000150568	2512	1780
0.000148264	2514	1782
0.000145995	2516	1784
0.000143761	2518	1786
0.00014156	2520	1788
0.000139394	2522	1790
0.000137261	2524	1792
0.00013516	2526	1794
0.000133092	2528	1796
0.000131055	2530	1798
0.000129049	2532	1800
0.000127074	2534	1802
0.000125129	2536	1804
0.000123214	2538	1806
0.000121329	2540	1808
0.000119472	2542	1810
0.000117643	2544	1812
0.000115843	2546	1814
0.00011407	2548	1816
0.000112324	2550	1818
0.000110605	2552	1820
0.000108913	2554	1822
0.000107246	2556	1824
0.000105604	2558	1826
0.000103988	2560	1828
0.000102397	2562	1830
0.00010083	2564	1832
9.92866e-05	2566	1834
9.77672e-05	2568	1836
9.62709e-05	2570	1838
9.47976e-05	2572	1840
9.33468e-05	2574	1842
9.19182e-05	2576	1844
9.05115e-05	2578	1846
8.91263e-05	2580	1848
8.77623e-05	2582	1850
8.64192e-05	2584	1852
8.50966e-05	2586	1854
8.37943e-05	2588	1856
8.25119e-05	2590	1858
8.12491e-05	2592	1860
8.00057e-05	2594	1862
7.87812e-05	2596	1864
7.75756e-05	2598	1866
7.63883e-05	2600	1868
7.52193e-05	2602	1870
7.40681e-05	2604	1872
7.29346e-05	2606	1874
7.18184e-05	2608	1876
7.07193e-05	2610	1878
6.9637e-05	2612	1880
6.85712e-05	2614	1882
6.75218e-05	2616	1884
6.64885e-05	2618	1886
6.54709e-05	2620	1888
6.44689e-05	2622	1890
6.34823e-05	2624	1892
6.25108e-05	2626	1894
6.15541e-05	2628	1896
6.06121e-05	2630	1898
5.96844e-05	2632	1900
5.8771e-05	2634	1902
5.78716e-05	2636	1904
5.69859e-05	2638	1906
5.61138e-05	2640	1908
5.5255e-05	2642	1910
5.44094e-05	2644	1912
5.35767e-05	2646	1914
5.27568e-05	2648	1916
5.19494e-05	2650	1918
5.11543e-05	2652	1920
5.03715e-05	2654	1922
4.96006e-05	2656	1924
4.88415e-05	2658	1926
4.8094e-05	2660	1928
4.7358e-05	2662	1930
4.66332e-05	2664	1932
4.59195e-05	2666	1934
4.52168e-05	2668	1936
4.45248e-05	2670	1938
4.38434e-05	2672	1940
4.31724e-05	2674	1942
4.25117e-05	2676	1944
4.18611e-05	2678	1946
4.12204e-05	2680	1948
4.05896e-05	2682	1950
3.99684e-05	2684	1952
3.93567e-05	2686	1954
3.87544e-05	2688	1956
3.81613e-05	2690	1958
3.75773e-05	2692	1960
3.70022e-05	2694	1962
3.64359e-05	2696	1964
3.58783e-05	2698	1966
3.53292e-05	2700	1968
3.47885e-05	2702	1970
3.42561e-05	2704	1972
3.37318e-05	2706	1974
3.32156e-05	2708	1976
3.27073e-05	2710	1978
3.22067e-05	2712	1980
3.17138e-05	2714	1982
3.12285e-05	2716	1984
3.07505e-05	2718	1986
3.02799e-05	2720	1988
2.98165e-05	2722	1990
2.93602e-05	2724	1992
2.89109e-05	2726	1994
2.84684e-05	2728	1996
2.80327e-05	2730	1998
2.76037e-05	2732	2000
2.71813e-05	2734	2002
2.67653e-05	2736	2004
2.63557e-05	2738	2006
2.59523e-05	2740	2008
2.55552e-05	2742	2010
2.51641e-05	2744	2012
2.47789e-05	2746	2014
2.43997e-05	2748	2016
2.40263e-05	2750	2018
2.36586e-05	2752	2020
2.32965e-05	2754	2022
2.294e-05	2756	2024
2.25889e-05	2758	2026
2.22432e-05	2760	2028
2.19028e-05	2762	2030
2.15676e-05	2764	2032
2.12375e-05	2766	2034
2.09125e-05	2768	2036
2.05925e-05	2770	2038
2.02773e-05	2772	2040
1.9967e-05	2774	2042
1.96614e-05	2776	2044
1.93605e-05	2778	2046
1.90642e-05	2780	2048
1.87725e-05	2782	2050
1.84852e-05	2784	2052
1.82023e-05	2786	2054
1.79237e-05	2788	2056
1.76494e-05	2790	2058
1.73793e-05	2792	2060
1.71133e-05	2794	2062
1.68514e-05	2796	2064
1.65935e-05	2798	2066
1.63396e-05	2800	2068
1.60895e-05	2802	2070
1.58433e-05	2804	2072
1.56008e-05	2806	2074
1.5362e-05	2808	2076
1.51269e-05	2810	2078
1.48954e-05	2812	2080
1.46675e-05	2814	2082
1.4443e-05	2816	2084
1.4222e-05	2818	2086
1.40043e-05	2820	2088
1.379e-05	2822	2090
1.35789e-05	2824	2092
1.33711e-05	2826	2094
1.31665e-05	2828	2096
1.2965e-05	2830	2098
1.27666e-05	2832	2100
1.25712e-05	2834	2102
1.23788e-05	2836	2104
1.21894e-05	2838	2106
1.20028e-05	2840	2108
1.18191e-05	2842	2110
1.16382e-05	2844	2112
1.14601e-05	2846	2114
1.12847e-05	2848	2116
1.1112e-05	2850	2118
1.0942e-05	2852	2120
1.07745e-05	2854	2122
1.06096e-05	2856	2124
1.04473e-05	2858	2126
1.02874e-05	2860	2128
1.01299e-05	2862	2130
9.9749e-06	2864	2132
9.82224e-06	2866	2134
9.67192e-06	2868	2136
9.5239e-06	2870	2138
9.37815e-06	2872	2140
9.23462e-06	2874	2142
9.09329e-06	2876	2144
8.95413e-06	2878	2146
8.8171e-06	2880	2148
8.68216e-06	2882	2150
8.54929e-06	2884	2152
8.41845e-06	2886	2154
8.28961e-06	2888	2156
8.16274e-06	2890	2158
8.03782e-06	2892	2160
7.91481e-06	2894	2162
7.79368e-06	2896	2164
7.67441e-06	2898	2166
7.55696e-06	2900	2168
7.4413e-06	2902	2170
7.32742e-06	2904	2172
7.21528e-06	2906	2174
7.10486e-06	2908	2176
6.99613e-06	2910	2178
6.88906e-06	2912	2180
6.78363e-06	2914	2182
6.67981e-06	2916	2184
6.57758e-06	2918	2186
6.47691e-06	2920	2188
6.37779e-06	2922	2190
6.28018e-06	2924	2192
6.18407e-06	2926	2194
6.08943e-06	2928	2196
5.99624e-06	2930	2198
5.90447e-06	2932	2200
5.81411e-06	2934	2202
5.72513e-06	2936	2204
5.63751e-06	2938	2206
5.55123e-06	2940	2208
5.46628e-06	2942	2210
5.38262e-06	2944	2212
5.30024e-06	2946	2214
5.21913e-06	2948	2216
5.13925e-06	2950	2218
5.0606e-06	2952	2220
4.98316e-06	2954	2222
4.90689e-06	2956	2224
4.8318e-06	2958	2226
4.75785e-06	2960	2228
4.68504e-06	2962	2230
4.61334e-06	2964	2232
4.54273e-06	2966	2234
4.47321e-06	2968	2236
4.40475e-06	2970	2238
4.33734e-06	2972	2240
4.27096e-06	2974	2242
4.2056e-06	2976	2244
4.14123e-06	2978	2246
4.07786e-06	2980	2248
4.01545e-06	2982	2250
3.954e-06	2984	2252
3.89349e-06	2986	2254
3.8339e-06	2988	2256
3.77523e-06	2990	2258
3.71745e-06	2992	2260
3.66056e-06	2994	2262
3.60453e-06	2996	2264
3.54937e-06	2998	2266
3.49505e-06	3000	2268
3.44156e-06	3002	2270
3.38889e-06	3004	2272
3.33703e-06	3006	2274
3.28596e-06	3008	2276
3.23567e-06	3010	2278
3.18615e-06	3012	2280
3.13739e-06	3014	2282
3.08937e-06	3016	2284
3.04209e-06	3018	2286
2.99554e-06	3020	2288
2.94969e-06	3022	2290
2.90455e-06	3024	2292
2.8601e-06	3026	2294
2.81633e-06	3028	2296
2.77323e-06	3030	2298
2.73078e-06	3032	2300
2.68899e-06	3034	2302
2.64784e-06	3036	2304
2.60732e-06	3038	2306
2.56742e-06	3040	2308
2.52812e-06	3042	2310
2.48943e-06	3044	2312
2.45133e-06	3046	2314
2.41382e-06	3048	2316
2.37688e-06	3050	2318
2.3405e-06	3052	2320
2.30468e-06	3054	2322
2.26941e-06	3056	2324
2.23468e-06	3058	2326
2.20048e-06	3060	2328
2.1668e-06	3062	2330
2.13364e-06	3064	2332
2.10099e-06	3066	2334
2.06884e-06	3068	2336
2.03717e-06	3070	2338
2.006e-06	3072	2340
1.9753e-06	3074	2342
1.94507e-06	3076	2344
1.9153e-06	3078	2346
1.88599e-06	3080	2348
1.85712e-06	3082	2350
1.8287e-06	3084	2352
1.80072e-06	3086	2354
1.77316e-06	3088	2356
1.74602e-06	3090	2358
1.7193e-06	3092	2360
1.69299e-06	3094	2362
1.66708e-06	3096	2364
1.64156e-06	3098	2366
1.61644e-06	3100	2368
1.5917e-06	3102	2370
1.56734e-06	3104	2372
1.54336e-06	3106	2374
1.51974e-06	3108	2376
1.49648e-06	3110	2378
1.47358e-06	3112	2380
1.45103e-06	3114	2382
1.42882e-06	3116	2384
1.40695e-06	3118	2386
1.38542e-06	3120	2388
1.36422e-06	3122	2390
1.34334e-06	3124	2392
1.32278e-06	3126	2394
1.30254e-06	3128	2396
1.2826e-06	3130	2398
1.26297e-06	3132	2400
1.24364e-06	3134	2402
1.22461e-06	3136	2404
1.20587e-06	3138	2406
1.18742e-06	3140	2408
1.16924e-06	3142	2410
1.15135e-06	3144	2412
1.13373e-06	3146	2414
1.11638e-06	3148	2416
1.09929e-06	3150	2418
1.08247e-06	3152	2420
1.0659e-06	3154	2422
1.04959e-06	3156	2424
1.03353e-06	3158	2426
1.01771e-06	3160	2428
1.00213e-06	3162	2430
9.86797e-07	3164	2432
9.71697e-07	3166	2434
9.56825e-07	3168	2436
9.42182e-07	3170	2438
9.27762e-07	3172	2440
9.13564e-07	3174	2442
8.99582e-07	3176	2444
8.85815e-07	3178	2446
8.72259e-07	3180	2448
8.5891e-07	3182	2450
8.45765e-07	3184	2452
8.32821e-07	3186	2454
8.20076e-07	3188	2456
8.07525e-07	3190	2458
7.95167e-07	3192	2460
7.82998e-07	3194	2462
7.71016e-07	3196	2464
7.59214e-07	3198	2466
7.47596e-07	3200	2468
7.36153e-07	3202	2470
7.24889e-07	3204	2472
7.13794e-07	3206	2474
7.02871e-07	3208	2476
6.92113e-07	3210	2478
6.81521e-07	3212	2480
6.71093e-07	3214	2482
6.60821e-07	3216	2484
6.50708e-07	3218	2486
6.40749e-07	3220	2488
6.30944e-07	3222	2490
6.21287e-07	3224	2492
6.11779e-07	3226	2494
6.02416e-07	3228	2496
5.93199e-07	3230	2498
5.84118e-07	3232	2500
5.75179e-07	3234	2502
5.66378e-07	3236	2504
5.57709e-07	3238	2506
5.49173e-07	3240	2508
5.40768e-07	3242	2510
5.32493e-07	3244	2512
5.24344e-07	3246	2514
5.1632e-07	3248	2516
5.08417e-07	3250	2518
5.00637e-07	3252	2520
4.92974e-07	3254	2522
4.8543e-07	3256	2524
4.78002e-07	3258	2526
4.70686e-07	3260	2528
4.63482e-07	3262	2530
4.5639e-07	3264	2532
4.49405e-07	3266	2534
4.42528e-07	3268	2536
4.35754e-07	3270	2538
4.29085e-07	3272	2540
4.22518e-07	3274	2542
4.16052e-07	3276	2544
4.09685e-07	3278	2546
4.03416e-07	3280	2548
3.97241e-07	3282	2550
3.91161e-07	3284	2552
3.85177e-07	3286	2554
3.79282e-07	3288	2556
3.73476e-07	3290	2558
3.67761e-07	3292	2560
3.62133e-07	3294	2562
3.56591e-07	3296	2564
3.51132e-07	3298	2566
3.45759e-07	3300	2568
3.40468e-07	3302	2570
3.35258e-07	3304	2572
3.30126e-07	3306	2574
3.25073e-07	3308	2576
3.20099e-07	3310	2578
3.15201e-07	3312	2580
3.10376e-07	3314	2582
3.05626e-07	3316	2584
3.00949e-07	3318	2586
2.96343e-07	3320	2588
2.91808e-07	3322	2590
2.87344e-07	3324	2592
2.82944e-07	3326	2594
2.78614e-07	3328	2596
2.7435e-07	3330	2598
2.70152e-07	3332	2600
2.66018e-07	3334	2602
2.61946e-07	3336	2604
2.57938e-07	3338	2606
2.5399e-07	3340	2608
2.50104e-07	3342	2610
2.46276e-07	3344	2612
2.42506e-07	3346	2614
2.38795e-07	3348	2616
2.3514e-07	3350	2618
2.31542e-07	3352	2620
2.27998e-07	3354	2622
2.24509e-07	3356	2624
2.21073e-07	3358	2626
2.17689e-07	3360	2628
2.14358e-07	3362	2630
2.11079e-07	3364	2632
2.07848e-07	3366	2634
2.04666e-07	3368	2636
2.01534e-07	3370	2638
1.9845e-07	3372	2640
1.95413e-07	3374	2642
1.92422e-07	3376	2644
1.89476e-07	3378	2646
1.86578e-07	3380	2648
1.83723e-07	3382	2650
1.8091e-07	3384	2652
1.78142e-07	3386	2654
1.75416e-07	3388	2656
1.72732e-07	3390	2658
1.70088e-07	3392	2660
1.67487e-07	3394	2662
1.64921e-07	3396	2664
1.62398e-07	3398	2666
1.59912e-07	3400	2668
1.57465e-07	3402	2670
1.55054e-07	3404	2672
1.52682e-07	3406	2674
1.50345e-07	3408	2676
1.48043e-07	3410	2678
1.45778e-07	3412	2680
1.43548e-07	3414	2682
1.41351e-07	3416	2684
1.39188e-07	3418	2686
1.37057e-07	3420	2688
1.34961e-07	3422	2690
1.32893e-07	3424	2692
1.30861e-07	3426	2694
1.28857e-07	3428	2696
1.26886e-07	3430	2698
1.24945e-07	3432	2700
1.23033e-07	3434	2702
1.21148e-07	3436	2704
1.19296e-07	3438	2706
1.17469e-07	3440	2708
1.15671e-07	3442	2710
1.13901e-07	3444	2712
1.12158e-07	3446	2714
1.10441e-07	3448	2716
1.08751e-07	3450	2718
1.07089e-07	3452	2720
1.05448e-07	3454	2722
1.03834e-07	3456	2724
1.02245e-07	3458	2726
1.00681e-07	3460	2728
9.91402e-08	3462	2730
9.76227e-08	3464	2732
9.61282e-08	3466	2734
9.46569e-08	3468	2736
9.32088e-08	3470	2738
9.1782e-08	3472	2740
9.03786e-08	3474	2742
8.8996e-08	3476	2744
8.76335e-08	3478	2746
8.62912e-08	3480	2748
8.49703e-08	3482	2750
8.36697e-08	3484	2752
8.23899e-08	3486	2754
8.11286e-08	3488	2756
7.98884e-08	3490	2758
7.86644e-08	3492	2760
7.74606e-08	3494	2762
7.62758e-08	3496	2764
7.51077e-08	3498	2766
7.39581e-08	3500	2768
7.28263e-08	3502	2770
7.17137e-08	3504	2772
7.06148e-08	3506	2774
6.95339e-08	3508	2776
6.84707e-08	3510	2778
6.74244e-08	3512	2780
6.63904e-08	3514	2782
6.53742e-08	3516	2784
6.43741e-08	3518	2786
6.3389e-08	3520	2788
6.24184e-08	3522	2790
6.14639e-08	3524	2792
6.05224e-08	3526	2794
5.95951e-08	3528	2796
5.86846e-08	3530	2798
5.77863e-08	3532	2800
5.6901e-08	3534	2802
5.60308e-08	3536	2804
5.51741e-08	3538	2806
5.43285e-08	3540	2808
5.34977e-08	3542	2810
5.26798e-08	3544	2812
5.18732e-08	3546	2814
5.10787e-08	3548	2816
5.02983e-08	3550	2818
4.95272e-08	3552	2820
4.87686e-08	3554	2822
4.80231e-08	3556	2824
4.7288e-08	3558	2826
4.65652e-08	3560	2828
4.58518e-08	3562	2830
4.51496e-08	3564	2832
4.44583e-08	3566	2834
4.37792e-08	3568	2836
4.31092e-08	3570	2838
4.24492e-08	3572	2840
4.17994e-08	3574	2842
4.11592e-08	3576	2844
4.05294e-08	3578	2846
3.99105e-08	3580	2848
3.92993e-08	3582	2850
3.86965e-08	3584	2852
3.81061e-08	3586	2854
3.7522e-08	3588	2856
3.6948e-08	3590	2858
3.63818e-08	3592	2860
3.58262e-08	3594	2862
3.52771e-08	3596	2864
3.47384e-08	3598	2866
3.42064e-08	3600	2868
3.36826e-08	3602	2870
3.31682e-08	3604	2872
3.2659e-08	3606	2874
3.2159e-08	3608	2876
3.16678e-08	3610	2878
3.11832e-08	3612	2880
3.07062e-08	3614	2882
3.02353e-08	3616	2884
2.97727e-08	3618	2886
2.93165e-08	3620	2888
2.88692e-08	3622	2890
2.8427e-08	3624	2892
2.79921e-08	3626	2894
2.75639e-08	3628	2896
2.71412e-08	3630	2898
2.67265e-08	3632	2900
2.63172e-08	3634	2902
2.59148e-08	3636	2904
2.5518e-08	3638	2906
2.51277e-08	3640	2908
2.47428e-08	3642	2910
2.43636e-08	3644	2912
2.39921e-08	3646	2914
2.36243e-08	3648	2916
2.32634e-08	3650	2918
2.29066e-08	3652	2920
2.25563e-08	3654	2922
2.22099e-08	3656	2924
2.1871e-08	3658	2926
2.15366e-08	3660	2928
2.12083e-08	3662	2930
2.08822e-08	3664	2932
2.05629e-08	3666	2934
2.02482e-08	3668	2936
1.99384e-08	3670	2938
1.96328e-08	3672	2940
1.93326e-08	3674	2942
1.90376e-08	3676	2944
1.87453e-08	3678	2946
1.84581e-08	3680	2948
1.81759e-08	3682	2950
1.78983e-08	3684	2952
1.76243e-08	3686	2954
1.73549e-08	3688	2956
1.70909e-08	3690	2958
1.68272e-08	3692	2960
1.65709e-08	3694	2962
1.6316e-08	3696	2964
1.60676e-08	3698	2966
1.58215e-08	3700	2968
1.55799e-08	3702	2970
1.53411e-08	3704	2972
1.5105e-08	3706	2974
1.48759e-08	3708	2976
1.46462e-08	3710	2978
1.44235e-08	3712	2980
1.4202e-08	3714	2982
1.39848e-08	3716	2984
1.37709e-08	3718	2986
1.35599e-08	3720	2988
1.33528e-08	3722	2990
1.31494e-08	3724	2992
1.29471e-08	3726	2994
1.27495e-08	3728	2996
1.25542e-08	3730	2998
1.23608e-08	3732	3000
1.21727e-08	3734	3002
1.19858e-08	3736	3004
1.18029e-08	3738	3006
1.16208e-08	3740	3008
1.14439e-08	3742	3010
1.12684e-08	3744	3012
1.10973e-08	3746	3014
1.09268e-08	3748	3016
1.07619e-08	3750	3018
1.05952e-08	3752	3020
1.04326e-08	3754	3022
1.02729e-08	3756	3024
1.01164e-08	3758	3026
9.96044e-09	3760	3028
