Residual:		TOTAL FINE ITERATIONS		TOTAL COARSE ITERATIONS
-----------------------------------------------------------
10801.9	4	3
4071.92	6	6
2257.53	8	9
1522.85	10	12
1138.98	12	15
907.087	14	18
753.049	16	21
643.598	18	24
561.829	20	27
498.338	22	30
447.523	24	33
405.848	26	36
370.985	28	39
341.336	30	42
315.77	32	45
293.465	34	48
273.807	36	51
256.331	38	54
240.675	40	57
226.556	42	60
213.746	44	63
202.062	46	66
191.354	48	69
181.498	50	72
172.389	52	75
163.942	54	78
156.083	56	81
148.749	58	84
141.885	60	87
135.446	62	90
129.391	64	93
123.686	66	96
118.299	68	99
113.204	70	102
108.378	72	105
103.8	74	108
99.4501	76	111
95.3133	78	114
91.3746	80	117
87.6207	82	120
84.0399	84	123
80.6215	86	126
77.3557	88	129
74.2339	90	132
71.2478	92	135
68.3903	94	138
65.6545	96	141
63.0341	98	144
60.5234	100	147
58.117	102	150
55.81	104	153
53.5977	106	156
51.4757	108	159
49.4399	110	162
47.4865	112	165
45.6119	114	168
43.8126	116	171
42.0855	118	174
40.4273	120	177
38.8353	122	180
37.3066	124	183
35.8387	126	186
34.429	128	189
33.0752	130	192
31.7749	132	195
30.526	134	198
29.3265	136	201
28.1743	138	204
27.0674	140	207
26.0043	142	210
24.9829	144	213
24.0018	146	216
23.0593	148	219
22.1539	150	222
21.284	152	225
20.4484	154	228
19.6456	156	231
18.8743	158	234
18.1333	160	237
17.4215	162	240
16.7376	164	243
16.0805	166	246
15.4493	168	249
14.8428	170	252
14.2602	172	255
13.7004	174	258
13.1626	176	261
12.6459	178	264
12.1495	180	267
11.6726	182	270
11.2144	184	273
10.7742	186	276
10.3512	188	279
9.94491	190	282
9.55452	192	285
9.17946	194	288
8.81911	196	291
8.47291	198	294
8.1403	200	297
7.82075	202	300
7.51374	204	303
7.21878	206	306
6.93539	208	309
6.66313	210	312
6.40156	212	315
6.15025	214	318
5.90881	216	321
5.67685	218	324
5.45399	220	327
5.23988	222	330
5.03417	224	333
4.83654	226	336
4.64667	228	339
4.46425	230	342
4.28899	232	345
4.12061	234	348
3.95884	236	351
3.80342	238	354
3.6541	240	357
3.51065	242	360
3.37282	244	363
3.24041	246	366
3.11319	248	369
2.99097	250	372
2.87355	252	375
2.76073	254	378
2.65235	256	381
2.54822	258	384
2.44818	260	387
2.35206	262	390
2.25972	264	393
2.17101	266	396
2.08577	268	399
2.00389	270	402
1.92521	272	405
1.84963	274	408
1.77701	276	411
1.70725	278	414
1.64022	280	417
1.57583	282	420
1.51396	284	423
1.45452	286	426
1.39742	288	429
1.34255	290	432
1.28984	292	435
1.2392	294	438
1.19055	296	441
1.14381	298	444
1.0989	300	447
1.05576	302	450
1.01431	304	453
0.97449	306	456
0.936231	308	459
0.899474	310	462
0.86416	312	465
0.830233	314	468
0.797638	316	471
0.766322	318	474
0.736236	320	477
0.707331	322	480
0.679561	324	483
0.652881	326	486
0.627249	328	489
0.602623	330	492
0.578963	332	495
0.556233	334	498
0.534395	336	501
0.513414	338	504
0.493257	340	507
0.456722	342	513
0.422888	344	519
0.391557	346	525
0.362545	348	531
0.33568	350	537
0.310804	352	543
0.287771	354	549
0.266443	356	555
0.246696	358	561
0.228411	360	567
0.211481	362	573
0.195805	364	579
0.181291	366	585
0.167853	368	591
0.15541	370	597
0.14389	372	603
0.133223	374	609
0.123347	376	615
0.114203	378	621
0.105737	380	627
0.097898	382	633
0.0906404	384	639
0.0839207	386	645
0.0776991	388	651
0.0719388	390	657
0.0666055	392	663
0.0616675	394	669
0.0570956	396	675
0.0528627	398	681
0.0489435	400	687
0.0453149	402	693
0.0419553	404	699
0.0388448	406	705
0.0359649	408	711
0.0332985	410	717
0.0308297	412	723
0.028544	414	729
0.0264278	416	735
0.0244684	418	741
0.0226543	420	747
0.0209748	422	753
0.0194197	424	759
0.0179799	426	765
0.0166469	428	771
0.0154127	430	777
0.01427	432	783
0.013212	434	789
0.0122325	436	795
0.0113255	438	801
0.0104859	440	807
0.00970843	442	813
0.00898864	444	819
0.00832222	446	825
0.00770521	448	831
0.00713394	450	837
0.00660503	452	843
0.00611533	454	849
0.00566193	456	855
0.00524215	458	861
0.0048535	460	867
0.00449366	462	873
0.00416049	464	879
0.00385203	466	885
0.00356644	468	891
0.00330202	470	897
0.00305721	472	903
0.00283055	474	909
0.00262069	476	915
0.00242639	478	921
0.00224649	480	927
0.00207994	482	933
0.00192573	484	939
0.00178296	486	945
0.00165077	488	951
0.00152838	490	957
0.00141506	492	963
0.00131015	494	969
0.00121301	496	975
0.00112308	498	981
0.00103981	500	987
0.000962722	502	993
0.000891345	504	999
0.00082526	506	1005
0.000764075	508	1011
0.000707426	510	1017
0.000654977	512	1023
0.000606417	514	1029
0.000561457	516	1035
0.00051983	518	1041
0.000481289	520	1047
0.000445606	522	1053
0.000412569	524	1059
0.000381981	526	1065
0.00035366	528	1071
0.00032744	530	1077
0.000303163	532	1083
0.000280687	534	1089
0.000259876	536	1095
0.000240609	538	1101
0.00022277	540	1107
0.000206254	542	1113
0.000190962	544	1119
0.000176804	546	1125
0.000163696	548	1131
0.000151559	550	1137
0.000140322	552	1143
0.000129919	554	1149
0.000120287	556	1155
0.000111368	558	1161
0.000103112	560	1167
9.54668e-05	562	1173
8.83888e-05	564	1179
8.18356e-05	566	1185
7.57683e-05	568	1191
7.01508e-05	570	1197
6.49497e-05	572	1203
6.01343e-05	574	1209
5.56759e-05	576	1215
5.15481e-05	578	1221
4.77263e-05	580	1227
4.41878e-05	582	1233
4.09117e-05	584	1239
3.78785e-05	586	1245
3.50702e-05	588	1251
3.247e-05	590	1257
3.00627e-05	592	1263
2.78338e-05	594	1269
2.57702e-05	596	1275
2.38596e-05	598	1281
2.20906e-05	600	1287
2.04528e-05	602	1293
1.89364e-05	604	1299
1.75325e-05	606	1305
1.62326e-05	608	1311
1.50291e-05	610	1317
1.39148e-05	612	1323
1.28832e-05	614	1329
1.1928e-05	616	1335
1.10437e-05	618	1341
1.02249e-05	620	1347
9.46681e-06	622	1353
8.76493e-06	624	1359
8.1151e-06	626	1365
7.51344e-06	628	1371
6.95639e-06	630	1377
6.44064e-06	632	1383
5.96312e-06	634	1389
5.52101e-06	636	1395
5.11168e-06	638	1401
4.7327e-06	640	1407
4.38181e-06	642	1413
4.05694e-06	644	1419
3.75616e-06	646	1425
3.47768e-06	648	1431
3.21984e-06	650	1437
2.98112e-06	652	1443
2.7601e-06	654	1449
2.55546e-06	656	1455
2.366e-06	658	1461
2.19058e-06	660	1467
2.02817e-06	662	1473
1.8778e-06	664	1479
1.73858e-06	666	1485
1.60968e-06	668	1491
1.49034e-06	670	1497
1.37984e-06	672	1503
1.27754e-06	674	1509
1.18282e-06	676	1515
1.09513e-06	678	1521
1.01393e-06	680	1527
9.38761e-07	682	1533
8.69161e-07	684	1539
8.0472e-07	686	1545
7.45058e-07	688	1551
6.89819e-07	690	1557
6.38676e-07	692	1563
5.91324e-07	694	1569
5.47483e-07	696	1575
5.06892e-07	698	1581
4.6931e-07	700	1587
4.34516e-07	702	1593
4.023e-07	704	1599
3.72474e-07	706	1605
3.44858e-07	708	1611
3.1929e-07	710	1617
2.95618e-07	712	1623
2.73701e-07	714	1629
2.53408e-07	716	1635
2.34622e-07	718	1641
2.17225e-07	720	1647
2.0112e-07	722	1653
1.86209e-07	724	1659
1.72403e-07	726	1665
1.59621e-07	728	1671
1.47787e-07	730	1677
1.36831e-07	732	1683
1.26686e-07	734	1689
1.17294e-07	736	1695
1.08596e-07	738	1701
1.00546e-07	740	1707
9.30916e-08	742	1713
8.61888e-08	744	1719
7.9799e-08	746	1725
7.38831e-08	748	1731
6.84057e-08	750	1737
6.33336e-08	752	1743
5.86375e-08	754	1749
5.42906e-08	756	1755
5.02677e-08	758	1761
4.65381e-08	760	1767
4.3088e-08	762	1773
3.98935e-08	764	1779
3.69359e-08	766	1785
3.41976e-08	768	1791
3.16637e-08	770	1797
2.93158e-08	772	1803
2.71426e-08	774	1809
2.51293e-08	776	1815
2.32672e-08	778	1821
2.15411e-08	780	1827
1.99446e-08	782	1833
1.84672e-08	784	1839
1.70984e-08	786	1845
1.58297e-08	788	1851
1.46557e-08	790	1857
1.35702e-08	792	1863
1.25643e-08	794	1869
1.16324e-08	796	1875
1.07711e-08	798	1881
9.97349e-09	800	1887
