0	0	0	0	0	0	0	0	0	0	0	0	0	0	0	0	0	0	0	0	0	0	0	0	0	0	0	0	0	0	0	0	0	0	
0	0	0	0	0	0	0	0	0	0	0	0	0	0	0	0	0	0	0	0	0	0	0	0	0	0	0	0	0	0	0	0	0	0	
0.00014969	-0.00014969	-9.37386e-05	0.000101337	0.0003234	0.000525895	0.000694264	0.000827524	0.000929082	0.00100233	0.00104872	0.00106724	0.00105467	0.0010063	0.000917003	0.00078243	0.00060033	0.000371816	0.000102472	-0.000196876	-0.00050995	-0.000815578	-0.00108919	-0.00130523	-0.00144037	-0.00147691	-0.00140593	-0.00122932	-0.000960772	-0.000626321	-0.000267813	4.3543e-05	0.000169469	-0.000169469	
0.000245717	-0.000245717	7.2445e-05	0.000721739	0.00144383	0.00211422	0.00268324	0.00313853	0.00348267	0.00372066	0.00385374	0.00387721	0.00378099	0.00355178	0.00317633	0.00264521	0.00195671	0.00112045	0.000160351	-0.000883705	-0.00195592	-0.00298686	-0.00389841	-0.00461111	-0.00505363	-0.00517294	-0.0049437	-0.00437509	-0.00351468	-0.00245065	-0.00131779	-0.000317917	0.000228176	-0.000228176	
0.000131269	-0.000131269	0.000736097	0.00207288	0.00349941	0.00481767	0.00593937	0.00683552	0.00750318	0.00794514	0.00815929	0.00813475	0.00785282	0.00729104	0.00642917	0.00525607	0.00377654	0.00201752	3.2632e-05	-0.00209545	-0.00425592	-0.00631459	-0.00812304	-0.00953212	-0.0104089	-0.0106551	-0.0102248	-0.00913782	-0.00748731	-0.00544314	-0.00325549	-0.00126944	3.5504e-05	-3.5504e-05	
-0.000254343	0.000254343	0.00202063	0.00428527	0.00659084	0.00868782	0.0104586	0.0118599	0.0128822	0.0135239	0.0137773	0.0136239	0.0130362	0.0119839	0.0104428	0.00840498	0.00588803	0.00294371	-0.000336154	-0.0038171	-0.00732393	-0.010648	-0.0135606	-0.0158328	-0.0172602	-0.0176908	-0.0170526	-0.0153744	-0.0127993	-0.0095867	-0.00610919	-0.00285138	-0.000421092	0.000421092	
-0.000931512	0.000931512	0.00398441	0.00743048	0.0107791	0.0137583	0.0162384	0.0181705	0.019542	0.0203474	0.0205734	0.020194	0.019174	0.0174775	0.01508	0.0119809	0.00821563	0.00386576	-0.00093392	-0.00599249	-0.0110655	-0.0158644	-0.0200731	-0.0233743	-0.0254817	-0.0261787	-0.0253567	-0.023047	-0.0194397	-0.0148854	-0.00988197	-0.00505122	-0.00111674	0.00111674	
-0.00190446	0.00190446	0.00664896	0.0115388	0.0160903	0.0200401	0.0232676	0.0257313	0.0274226	0.0283362	0.0284553	0.0277478	0.0261727	0.0236912	0.0202813	0.0159527	0.0107609	0.00481914	-0.00169367	-0.0085293	-0.0153727	-0.0218519	-0.0275581	-0.0320756	-0.0350228	-0.0361025	-0.0351531	-0.0321945	-0.027456	-0.0213784	-0.0145893	-0.00785585	-0.00202726	0.00202726	
-0.00317023	0.00317023	0.0100137	0.0166112	0.0225221	0.0275221	0.0315223	0.0345044	0.0364741	0.0374325	0.0373628	0.03623	0.0339898	0.0306024	0.0260499	0.0203529	0.0135869	0.00589513	-0.00250185	-0.0113009	-0.0201174	-0.0284948	-0.0359253	-0.0418834	-0.0458749	-0.0474992	-0.0465177	-0.0429172	-0.0369524	-0.0291521	-0.0202833	-0.0112787	-0.00314338	0.00314338	
-0.00472127	0.00472127	0.0140622	0.022626	0.0300477	0.0361716	0.0409637	0.044446	0.0466502	0.0475913	0.0472582	0.0456167	0.0426212	0.0382325	0.0324365	0.0252635	0.0168055	0.00723073	-0.00320391	-0.0141458	-0.0251446	-0.0356591	-0.0450765	-0.0527482	-0.0580455	-0.060435	-0.0595677	-0.0553662	-0.0480893	-0.0383489	-0.0270664	-0.0153724	-0.00447518	0.00447518	
-0.00654536	0.00654536	0.0187643	0.0295408	0.0386176	0.0459349	0.0515366	0.0555018	0.057901	0.0587722	0.058116	0.0559026	0.0520877	0.0466325	0.0395253	0.0308019	0.0205648	0.00899997	-0.00360849	-0.0168668	-0.030265	-0.0431792	-0.0548867	-0.0646013	-0.0715344	-0.0749835	-0.074445	-0.0697342	-0.0610815	-0.049172	-0.035099	-0.0202351	-0.00605309	0.00605309	
-0.0086246	0.0086246	0.0240751	0.0372931	0.0481593	0.0567358	0.0631654	0.0676018	0.0701663	0.0709297	0.0699106	0.0670877	0.0624194	0.0558669	0.0474173	0.037106	0.0250374	0.0114048	-0.00349202	-0.0192295	-0.0352477	-0.0508446	-0.0651852	-0.0773322	-0.086309	-0.0912014	-0.0912962	-0.0862418	-0.0761926	-0.0618856	-0.044603	-0.0260123	-0.007928	0.007928	
-0.0109341	0.0109341	0.0299331	0.0457983	0.0585756	0.0684726	0.0757508	0.0806536	0.0833664	0.0840016	0.0826028	0.0791611	0.0736391	0.0659958	0.0562127	0.0443172	0.0304052	0.014664	-0.00260503	-0.0209635	-0.0398147	-0.0583879	-0.0757373	-0.0907639	-0.102276	-0.1091	-0.110246	-0.105119	-0.0937241	-0.0768119	-0.0558628	-0.0328997	-0.0101718	0.0101718	
-0.0134407	0.0134407	0.0362591	0.054948	0.0697424	0.0810153	0.0891635	0.0945351	0.0973913	0.0978957	0.0961236	0.0920829	0.085741	0.0770532	0.0659896	0.0525605	0.0368413	0.0189986	-0.000682255	-0.0217664	-0.0436385	-0.0654743	-0.0862253	-0.104627	-0.119249	-0.12861	-0.131365	-0.126575	-0.113997	-0.0943232	-0.0692248	-0.0411448	-0.0128784	0.0128784	
-0.0161028	0.0161028	0.0429554	0.0646097	0.0815073	0.0942018	0.10324	0.109086	0.11209	0.112475	0.110357	0.105763	0.0986689	0.0890231	0.0767786	0.0619194	0.0444874	0.0246115	0.00254144	-0.0213141	-0.0463447	-0.0716956	-0.0962333	-0.118534	-0.136914	-0.149538	-0.154623	-0.150761	-0.137323	-0.114827	-0.0850946	-0.0510494	-0.0161664	0.0161664	
-0.0188706	0.0188706	0.0499072	0.0746279	0.0936901	0.107837	0.117776	0.124101	0.127258	0.127544	0.125119	0.120041	0.112291	0.101812	0.0885344	0.0724068	0.0534241	0.0316602	0.00730693	-0.0192795	-0.0475239	-0.0765727	-0.105237	-0.131955	-0.15479	-0.171518	-0.179832	-0.177715	-0.163962	-0.13874	-0.103929	-0.0629723	-0.0201818	0.0201818	
-0.0216882	0.0216882	0.0569873	0.0848292	0.106086	0.121695	0.132529	0.139322	0.142631	0.142833	0.140148	0.134664	0.126377	0.115223	0.101106	0.0839319	0.0636365	0.0402212	0.0137964	-0.015364	-0.0467565	-0.0795711	-0.112608	-0.144206	-0.172199	-0.19396	-0.206585	-0.20729	-0.19406	-0.166451	-0.12622	-0.0773297	-0.0251021	0.0251021	
-0.0244979	0.0244979	0.0640637	0.0950315	0.118475	0.135521	0.147216	0.154442	0.157878	0.157996	0.155084	0.149274	0.140578	0.12893	0.114207	0.0962662	0.0749752	0.0502468	0.0220874	-0.00934348	-0.0436562	-0.0801366	-0.117635	-0.154454	-0.188249	-0.216009	-0.234184	-0.23907	-0.227569	-0.198261	-0.152469	-0.0945921	-0.0311407	0.0311407	
-0.0272452	0.0272452	0.0710128	0.105058	0.130633	0.149048	0.161524	0.169105	0.172605	0.172607	0.169476	0.1634	0.15442	0.142467	0.127396	0.109016	0.0871193	0.0615191	0.0320978	-0.00113022	-0.0379344	-0.0777573	-0.119577	-0.161747	-0.201836	-0.236513	-0.261576	-0.27228	-0.264139	-0.234293	-0.183142	-0.115275	-0.0385509	0.0385509	
-0.0298882	0.0298882	0.0777354	0.114759	0.142355	0.162008	0.175125	0.182922	0.186367	0.186168	0.182787	0.176474	0.167309	0.15523	0.140077	0.121611	0.0995518	0.0736094	0.0435292	0.00915467	-0.0294855	-0.072056	-0.117753	-0.165098	-0.211701	-0.254034	-0.287316	-0.305692	-0.303003	-0.274383	-0.218592	-0.139917	-0.0476287	0.0476287	
-0.0324071	0.0324071	0.0841794	0.124032	0.153472	0.174156	0.187689	0.195484	0.198683	0.198137	0.194417	0.18785	0.178561	0.166507	0.151516	0.133315	0.111559	0.0858594	0.0558236	0.0211112	-0.0184837	-0.0629087	-0.111674	-0.163607	-0.216534	-0.266922	-0.309571	-0.337564	-0.342845	-0.317929	-0.258962	-0.169044	-0.0587142	0.0587142	
-0.034818	0.034818	0.090366	0.132858	0.163883	0.185287	0.198907	0.206383	0.20906	0.207949	0.203744	0.196854	0.187454	0.175527	0.160901	0.143281	0.122271	0.0974013	0.0681565	0.0340175	-0.00546793	-0.0505723	-0.101208	-0.156651	-0.215157	-0.273456	-0.32621	-0.365631	-0.3817	-0.363729	-0.304034	-0.203109	-0.0721903	0.0721903	
-0.03719	0.03719	0.096422	0.141326	0.173574	0.195254	0.208496	0.215223	0.217011	0.21505	0.210157	0.202827	0.193284	0.181537	0.167421	0.150631	0.130743	0.107232	0.0794888	0.0468456	0.00862306	-0.0357828	-0.0867391	-0.144102	-0.206778	-0.272093	-0.334986	-0.387195	-0.416905	-0.409817	-0.353052	-0.242405	-0.0884796	0.0884796	
-0.0396696	0.0396696	0.10262	0.149668	0.182632	0.203964	0.216201	0.221618	0.222062	0.218909	0.213094	0.20518	0.19543	0.183872	0.170352	0.154564	0.136075	0.114335	0.0886852	0.0583596	0.0225053	-0.0197695	-0.0692808	-0.126532	-0.191277	-0.2618	-0.333849	-0.399328	-0.445146	-0.453329	-0.404498	-0.28694	-0.108045	0.108045	
-0.0425181	0.0425181	0.109428	0.158282	0.191238	0.211352	0.22175	0.225162	0.223736	0.219022	0.212046	0.203409	0.193386	0.18201	0.169127	0.154438	0.137517	0.117819	0.0946772	0.067291	0.0347153	-0.00413592	-0.0504409	-0.105316	-0.169457	-0.242413	-0.321351	-0.399225	-0.462632	-0.490442	-0.455853	-0.336262	-0.131398	0.131398	
-0.0461737	0.0461737	0.117573	0.167732	0.199605	0.217292	0.224779	0.225366	0.221508	0.214886	0.206555	0.1971	0.186773	0.175582	0.163364	0.149823	0.13455	0.117027	0.0966172	0.072543	0.043856	0.00940072	-0.0322057	-0.0825324	-0.143127	-0.214944	-0.297106	-0.384679	-0.465427	-0.516409	-0.503335	-0.389202	-0.159138	0.159138	
-0.0513592	0.0513592	0.128104	0.178684	0.207828	0.221419	0.224675	0.221544	0.214732	0.205944	0.196166	0.185895	0.175304	0.16435	0.152844	0.140489	0.126894	0.111582	0.093971	0.0733505	0.0488421	0.0193415	-0.0165524	-0.0606002	-0.114911	-0.181665	-0.262175	-0.354635	-0.449922	-0.525718	-0.541634	-0.443483	-0.192023	0.192023	
-0.0592666	0.0592666	0.142413	0.191677	0.215533	0.222809	0.220331	0.212652	0.202531	0.191514	0.180377	0.169439	0.158743	0.148164	0.137475	0.12637	0.114481	0.101376	0.0865404	0.0693578	0.0490658	0.0246971	-0.00500888	-0.0417294	-0.0877043	-0.145811	-0.21922	-0.309758	-0.413494	-0.512387	-0.563591	-0.495064	-0.231045	0.231045	
-0.0718665	0.0718665	0.162041	0.206478	0.221179	0.219443	0.209822	0.197099	0.183701	0.170733	0.158604	0.147366	0.136891	0.126955	0.117284	0.107565	0.0974551	0.0865699	0.0744721	0.0606479	0.0444732	0.0251618	0.00168601	-0.0273498	-0.0639146	-0.11086	-0.172232	-0.252901	-0.355423	-0.470583	-0.559877	-0.537023	-0.277328	0.277328	
-0.09235	0.09235	0.187749	0.220546	0.220806	0.207483	0.190068	0.172648	0.156714	0.142623	0.130278	0.119414	0.109719	0.100873	0.0925624	0.0844772	0.0763047	0.0677175	0.0583591	0.0478249	0.0356352	0.0211978	0.00374878	-0.0177431	-0.0447488	-0.0795122	-0.125687	-0.189253	-0.278276	-0.39606	-0.518883	-0.557674	-0.331261	0.331261	
-0.12532	0.12532	0.216305	0.225784	0.206267	0.180705	0.156905	0.136752	0.120175	0.106588	0.0953586	0.0859366	0.0778647	0.0707645	0.0643141	0.0582288	0.0522444	0.0461022	0.0395349	0.0322512	0.0239172	0.0141314	0.00238834	-0.0119809	-0.0299158	-0.0528469	-0.0832114	-0.125709	-0.189713	-0.289679	-0.428067	-0.537545	-0.389171	0.389171	
-0.17362	0.17362	0.231018	0.203342	0.164375	0.131646	0.106848	0.0884115	0.0745917	0.0640436	0.0558121	0.0492279	0.0438145	0.039222	0.0351816	0.0314759	0.0279183	0.0243377	0.0205672	0.0164327	0.0117426	0.00627356	-0.00024709	-0.0081706	-0.0179782	-0.030388	-0.0466062	-0.0690123	-0.103336	-0.164651	-0.281176	-0.445864	-0.432472	0.432472	
-0.211196	0.211196	0.180811	0.12363	0.0844238	0.0598375	0.0442566	0.0340616	0.0271435	0.0222748	0.0187238	0.0160403	0.0139364	0.01222	0.0107562	0.00944412	0.00820362	0.00696576	0.00566681	0.00424345	0.00262847	0.000746394	-0.00149208	-0.00419835	-0.0075211	-0.0116785	-0.0170355	-0.0243142	-0.0351803	-0.0542481	-0.103598	-0.24729	-0.390654	0.390654	
0	0	0	0	0	0	0	0	0	0	0	0	0	0	0	0	0	0	0	0	0	0	0	0	0	0	0	0	0	0	0	0	0	0	
