ITERATION:	log(MAX RESIDUAL) :		AVG RESIDUAL		AVG ERROR
1	143.126	8.61456	30.1749
2	47.6139	3.91606	9.61681
3	23.2273	2.37042	5.40468
4	13.4469	1.63292	3.59117
5	8.92285	1.21896	2.62179
6	6.28814	0.961786	2.03767
7	4.70565	0.789939	1.65562
8	3.65292	0.668518	1.38996
9	2.92871	0.578847	1.19617
10	2.40903	0.510209	1.04928
11	2.03084	0.456101	0.934395
12	1.73988	0.412391	0.842175
13	1.51186	0.376348	0.766524
14	1.33198	0.346107	0.703315
15	1.18425	0.320355	0.649672
16	1.06328	0.298146	0.603532
17	0.963329	0.278781	0.563386
18	0.875762	0.261736	0.528104
19	0.80271	0.246605	0.496826
20	0.740803	0.233076	0.468883
21	0.684909	0.2209	0.443751
22	0.635754	0.209877	0.421013
23	0.59302	0.199846	0.40033
24	0.55544	0.190674	0.381427
25	0.520665	0.182252	0.364076
26	0.489267	0.174488	0.348089
27	0.461311	0.167303	0.333304
28	0.436496	0.160634	0.319588
29	0.413237	0.154422	0.306825
30	0.391449	0.148622	0.294916
31	0.371935	0.143189	0.283775
32	0.354036	0.13809	0.273329
33	0.337677	0.133291	0.263511
34	0.322204	0.128765	0.254265
35	0.307573	0.124488	0.245541
36	0.29421	0.120439	0.237292
37	0.281716	0.116597	0.229481
38	0.270338	0.112947	0.222071
39	0.259573	0.109473	0.21503
40	0.256063	0.106161	0.20833
41	0.252356	0.103	0.201946
42	0.248486	0.0999779	0.195855
43	0.244482	0.0970853	0.190034
44	0.240371	0.0943134	0.184467
45	0.236177	0.091654	0.179134
46	0.231922	0.0890997	0.174022
47	0.227624	0.0866439	0.169115
48	0.223299	0.0842806	0.1644
49	0.218962	0.0820041	0.159866
50	0.214625	0.0798093	0.155502
51	0.210352	0.0776917	0.151297
52	0.206112	0.0756469	0.147243
53	0.201897	0.073671	0.143331
54	0.197712	0.0717604	0.139553
55	0.193564	0.0699117	0.135903
56	0.18946	0.0681219	0.132373
57	0.185404	0.0663881	0.128957
58	0.1814	0.0647077	0.125651
59	0.177452	0.0630782	0.122448
60	0.173562	0.0614973	0.119344
61	0.169733	0.0599629	0.116334
62	0.165966	0.058473	0.113414
63	0.162264	0.0570258	0.11058
64	0.158627	0.0556196	0.107828
65	0.155056	0.0542526	0.105156
66	0.151552	0.0529235	0.102559
67	0.148115	0.0516307	0.100035
68	0.144745	0.050373	0.0975808
69	0.141442	0.049149	0.0951941
70	0.138206	0.0479576	0.0928723
71	0.135036	0.0467977	0.090613
72	0.131932	0.0456681	0.0884139
73	0.128894	0.0445679	0.0862731
74	0.125919	0.0434961	0.0841884
75	0.123009	0.0424518	0.0821581
76	0.120162	0.0414342	0.0801803
77	0.117377	0.0404423	0.0782534
78	0.114652	0.0394755	0.0763757
79	0.111988	0.038533	0.0745458
80	0.109384	0.037614	0.0727621
81	0.106837	0.0367178	0.0710233
82	0.104348	0.0358439	0.069328
83	0.101914	0.0349915	0.067675
84	0.0995359	0.0341602	0.0660631
85	0.0972115	0.0333492	0.064491
86	0.0949401	0.032558	0.0629576
87	0.0927205	0.0317861	0.0614619
88	0.0905517	0.031033	0.0600029
89	0.0884326	0.0302981	0.0585794
90	0.0863623	0.0295811	0.0571906
91	0.0843397	0.0288813	0.0558356
92	0.0823638	0.0281984	0.0545134
93	0.0804335	0.027532	0.0532232
94	0.0785479	0.0268815	0.0519641
95	0.0767061	0.0262466	0.0507353
96	0.074907	0.025627	0.0495361
97	0.0731497	0.0250221	0.0483656
98	0.0714332	0.0244317	0.0472233
99	0.0697568	0.0238554	0.0461082
100	0.0681193	0.0232928	0.0450198
101	0.0665201	0.0227436	0.0439574
102	0.0649582	0.0222075	0.0429204
103	0.0634328	0.0216841	0.041908
104	0.061943	0.0211731	0.0409198
105	0.060488	0.0206743	0.039955
106	0.0590671	0.0201872	0.0390132
107	0.0576794	0.0197117	0.0380937
108	0.0563242	0.0192475	0.0371961
109	0.0550007	0.0187943	0.0363197
110	0.0537082	0.0183517	0.0354641
111	0.0524461	0.0179197	0.0346287
112	0.0512135	0.0174978	0.0338132
113	0.0500098	0.0170859	0.0330169
114	0.0488343	0.0166838	0.0322394
115	0.0476864	0.0162911	0.0314804
116	0.0465655	0.0159077	0.0307392
117	0.0454708	0.0155333	0.0300156
118	0.0444018	0.0151678	0.029309
119	0.043358	0.0148109	0.0286192
120	0.0423386	0.0144624	0.0279456
121	0.0413432	0.0141221	0.0272879
122	0.0403711	0.0137899	0.0266457
123	0.0394219	0.0134654	0.0260186
124	0.038495	0.0131486	0.0254064
125	0.0375898	0.0128393	0.0248085
126	0.0367059	0.0125373	0.0242248
127	0.0358428	0.0122423	0.0236548
128	0.035	0.0119544	0.0230982
129	0.0341769	0.0116731	0.0225548
130	0.0333732	0.0113986	0.0220242
131	0.0325884	0.0111304	0.021506
132	0.031822	0.0108686	0.021
133	0.0310737	0.010613	0.020506
134	0.0303429	0.0103633	0.0200236
135	0.0296294	0.0101196	0.0195525
136	0.0289325	0.00988154	0.0190926
137	0.0282521	0.00964911	0.0186435
138	0.0275877	0.00942215	0.0182049
139	0.0269389	0.00920053	0.0177766
140	0.0263053	0.00898413	0.0173585
141	0.0256866	0.00877281	0.0169501
142	0.0250825	0.00856647	0.0165514
143	0.0244926	0.00836498	0.0161621
144	0.0239166	0.00816823	0.0157819
145	0.0233541	0.00797611	0.0154107
146	0.0228048	0.00778851	0.0150482
147	0.0222684	0.00760532	0.0146942
148	0.0217447	0.00742644	0.0143486
149	0.0212332	0.00725177	0.0140111
150	0.0207338	0.0070812	0.0136815
151	0.0202462	0.00691465	0.0133597
152	0.01977	0.00675201	0.0130455
153	0.019305	0.0065932	0.0127386
154	0.0188509	0.00643813	0.012439
155	0.0184075	0.0062867	0.0121464
156	0.0179746	0.00613883	0.0118607
157	0.0175518	0.00599444	0.0115817
158	0.017139	0.00585345	0.0113093
159	0.0167359	0.00571577	0.0110433
160	0.0163422	0.00558134	0.0107835
161	0.0159578	0.00545006	0.0105299
162	0.0155825	0.00532187	0.0102822
163	0.015216	0.0051967	0.0100403
164	0.0148581	0.00507446	0.00980416
165	0.0145086	0.00495511	0.00957355
166	0.0141673	0.00483856	0.00934837
167	0.0138341	0.00472475	0.00912848
168	0.0135087	0.00461362	0.00891376
169	0.013191	0.00450511	0.00870409
170	0.0128807	0.00439914	0.00849936
171	0.0125777	0.00429567	0.00829944
172	0.0122819	0.00419463	0.00810422
173	0.011993	0.00409597	0.0079136
174	0.0117109	0.00399962	0.00772746
175	0.0114354	0.00390555	0.00754569
176	0.0111664	0.00381368	0.0073682
177	0.0109038	0.00372398	0.00719489
178	0.0106473	0.00363639	0.00702565
179	0.0103969	0.00355086	0.0068604
180	0.0101523	0.00346733	0.00669903
181	0.00991351	0.00338578	0.00654145
182	0.00968032	0.00330614	0.00638759
183	0.00945262	0.00322837	0.00623734
184	0.00923028	0.00315244	0.00609062
185	0.00901316	0.00307829	0.00594736
186	0.00880116	0.00300588	0.00580747
187	0.00859413	0.00293518	0.00567086
188	0.00839198	0.00286614	0.00553747
189	0.00819458	0.00279872	0.00540722
190	0.00800183	0.00273289	0.00528003
191	0.00781361	0.00266861	0.00515583
192	0.00762982	0.00260584	0.00503456
193	0.00745035	0.00254454	0.00491613
194	0.0072751	0.00248469	0.0048005
195	0.00710397	0.00242624	0.00468758
196	0.00693687	0.00236917	0.00457731
197	0.0067737	0.00231345	0.00446965
198	0.00661437	0.00225903	0.00436451
199	0.00645878	0.00220589	0.00426185
200	0.00630686	0.00215401	0.0041616
201	0.0061585	0.00210334	0.00406371
202	0.00601364	0.00205386	0.00396812
203	0.00587219	0.00200555	0.00387478
204	0.00573406	0.00195838	0.00378364
205	0.00559918	0.00191231	0.00369464
206	0.00546747	0.00186733	0.00360773
207	0.00533886	0.00182341	0.00352287
208	0.00521328	0.00178052	0.00344
209	0.00509065	0.00173863	0.00335909
210	0.00497091	0.00169774	0.00328007
211	0.00485398	0.0016578	0.00320292
212	0.0047398	0.00161881	0.00312758
213	0.00462831	0.00158073	0.00305401
214	0.00451944	0.00154355	0.00298217
215	0.00441313	0.00150724	0.00291202
216	0.00430932	0.00147179	0.00284352
217	0.00420796	0.00143717	0.00277664
218	0.00410898	0.00140336	0.00271132
219	0.00401232	0.00137035	0.00264755
220	0.00391794	0.00133812	0.00258527
221	0.00382578	0.00130664	0.00252446
222	0.00373579	0.0012759	0.00246508
223	0.00364791	0.00124589	0.00240709
224	0.00356211	0.00121659	0.00235047
225	0.00347832	0.00118797	0.00229518
226	0.0033965	0.00116002	0.00224119
227	0.0033166	0.00113274	0.00218847
228	0.00323859	0.00110609	0.002137
229	0.00316241	0.00108007	0.00208673
230	0.00308802	0.00105467	0.00203764
231	0.00301538	0.00102986	0.00198971
232	0.00294445	0.00100564	0.00194291
233	0.00287519	0.00098198	0.00189721
234	0.00280756	0.000958882	0.00185258
235	0.00274152	0.000936326	0.001809
236	0.00267703	0.000914301	0.00176645
237	0.00261406	0.000892795	0.0017249
238	0.00255257	0.000871794	0.00168432
239	0.00249252	0.000851287	0.0016447
240	0.00243389	0.000831263	0.00160602
241	0.00237664	0.000811709	0.00156824
242	0.00232074	0.000792616	0.00153135
243	0.00226615	0.000773971	0.00149533
244	0.00221284	0.000755765	0.00146015
245	0.00216079	0.000737988	0.00142581
246	0.00210996	0.000720628	0.00139227
247	0.00206033	0.000703677	0.00135952
248	0.00201187	0.000687125	0.00132754
249	0.00196454	0.000670962	0.00129631
250	0.00191833	0.000655179	0.00126582
251	0.00187321	0.000639768	0.00123604
252	0.00182914	0.000624719	0.00120697
253	0.00178612	0.000610023	0.00117858
254	0.0017441	0.000595674	0.00115085
255	0.00170308	0.000581662	0.00112378
256	0.00166301	0.00056798	0.00109735
257	0.0016239	0.00055462	0.00107154
258	0.0015857	0.000541573	0.00104633
259	0.0015484	0.000528834	0.00102172
260	0.00151198	0.000516395	0.000997684
261	0.00147641	0.000504248	0.000974216
262	0.00144168	0.000492386	0.0009513
263	0.00140777	0.000480804	0.000928923
264	0.00137465	0.000469494	0.000907072
265	0.00134232	0.00045845	0.000885735
266	0.00131074	0.000447666	0.0008649
267	0.00127991	0.000437136	0.000844555
268	0.0012498	0.000426854	0.000824689
269	0.0012204	0.000416813	0.00080529
270	0.0011917	0.000407008	0.000786348
271	0.00116367	0.000397434	0.000767851
272	0.00113629	0.000388086	0.000749789
273	0.00110956	0.000378957	0.000732152
274	0.00108346	0.000370043	0.000714929
275	0.00105798	0.000361338	0.000698112
276	0.00103309	0.000352839	0.000681691
277	0.00100879	0.000344539	0.000665656
278	0.000985061	0.000336434	0.000649997
279	0.000961889	0.00032852	0.000634708
280	0.000939263	0.000320793	0.000619778
281	0.000917169	0.000313247	0.000605199
282	0.000895595	0.000305878	0.000590963
283	0.000874528	0.000298683	0.000577062
284	0.000853957	0.000291657	0.000563488
285	0.000833869	0.000284797	0.000550233
286	0.000814254	0.000278098	0.00053729
287	0.000795101	0.000271556	0.000524651
288	0.000776398	0.000265168	0.00051231
289	0.000758135	0.000258931	0.000500259
290	0.000740301	0.00025284	0.000488492
291	0.000722887	0.000246893	0.000477001
292	0.000705883	0.000241085	0.000465781
293	0.000689279	0.000235414	0.000454824
294	0.000673065	0.000229876	0.000444125
295	0.000657233	0.000224469	0.000433678
296	0.000641773	0.000219189	0.000423477
297	0.000626676	0.000214033	0.000413516
298	0.000611935	0.000208998	0.000403789
299	0.000597541	0.000204082	0.00039429
300	0.000583485	0.000199282	0.000385016
301	0.00056976	0.000194594	0.000375959
302	0.000556357	0.000190017	0.000367115
303	0.00054327	0.000185547	0.00035848
304	0.000530491	0.000181182	0.000350047
305	0.000518013	0.00017692	0.000341813
306	0.000505827	0.000172759	0.000333773
307	0.000493929	0.000168695	0.000325922
308	0.00048231	0.000164727	0.000318255
309	0.000470965	0.000160852	0.000310769
310	0.000459887	0.000157068	0.000303459
311	0.000449069	0.000153374	0.000296321
312	0.000438506	0.000149766	0.00028935
313	0.000428191	0.000146243	0.000282544
314	0.000418118	0.000142803	0.000275898
315	0.000408283	0.000139444	0.000269408
316	0.000398679	0.000136164	0.000263071
317	0.000389301	0.000132961	0.000256882
318	0.000380144	0.000129833	0.00025084
319	0.000371202	0.000126779	0.000244939
320	0.00036247	0.000123797	0.000239178
321	0.000353944	0.000120885	0.000233552
322	0.000345618	0.000118041	0.000228058
323	0.000337488	0.000115265	0.000222693
324	0.000329549	0.000112553	0.000217455
325	0.000321797	0.000109906	0.00021234
326	0.000314228	0.00010732	0.000207345
327	0.000306836	0.000104796	0.000202468
328	0.000299619	0.000102331	0.000197705
329	0.000292571	9.99237e-05	0.000193054
330	0.000285689	9.75732e-05	0.000188513
331	0.000278969	9.5278e-05	0.000184079
332	0.000272406	9.30368e-05	0.000179749
333	0.000265999	9.08483e-05	0.000175521
334	0.000259742	8.87113e-05	0.000171392
335	0.000253632	8.66246e-05	0.00016736
336	0.000247666	8.45869e-05	0.000163424
337	0.00024184	8.25972e-05	0.000159579
338	0.000236151	8.06543e-05	0.000155826
339	0.000230596	7.87571e-05	0.00015216
340	0.000225172	7.69045e-05	0.000148581
341	0.000219875	7.50955e-05	0.000145086
342	0.000214703	7.3329e-05	0.000141673
343	0.000209653	7.16041e-05	0.000138341
344	0.000204721	6.99198e-05	0.000135086
345	0.000199906	6.82751e-05	0.000131909
346	0.000195203	6.66691e-05	0.000128806
347	0.000190612	6.51008e-05	0.000125776
348	0.000186128	6.35695e-05	0.000122817
349	0.00018175	6.20742e-05	0.000119928
350	0.000177474	6.0614e-05	0.000117107
351	0.0001733	5.91882e-05	0.000114353
352	0.000169223	5.77959e-05	0.000111663
353	0.000165243	5.64364e-05	0.000109036
354	0.000161356	5.51089e-05	0.000106471
355	0.00015756	5.38125e-05	0.000103967
356	0.000153854	5.25467e-05	0.000101521
357	0.000150235	5.13107e-05	9.91332e-05
358	0.000146701	5.01037e-05	9.68013e-05
359	0.00014325	4.89251e-05	9.45243e-05
360	0.00013988	4.77743e-05	9.23008e-05
361	0.00013659	4.66505e-05	9.01296e-05
362	0.000133377	4.55531e-05	8.80095e-05
363	0.00013024	4.44816e-05	8.59393e-05
364	0.000127176	4.34353e-05	8.39178e-05
365	0.000124184	4.24136e-05	8.19438e-05
366	0.000121263	4.14159e-05	8.00162e-05
367	0.000118411	4.04417e-05	7.8134e-05
368	0.000115625	3.94904e-05	7.62961e-05
369	0.000112906	3.85614e-05	7.45014e-05
370	0.00011025	3.76544e-05	7.27489e-05
371	0.000107656	3.67686e-05	7.10377e-05
372	0.000105124	3.59037e-05	6.93667e-05
373	0.000102651	3.50592e-05	6.7735e-05
374	0.000100237	3.42345e-05	6.61416e-05
375	9.78787e-05	3.34292e-05	6.45858e-05
376	9.55764e-05	3.26428e-05	6.30666e-05
377	9.33281e-05	3.1875e-05	6.15831e-05
378	9.11328e-05	3.11252e-05	6.01345e-05
379	8.89891e-05	3.03931e-05	5.87199e-05
380	8.68958e-05	2.96781e-05	5.73387e-05
381	8.48518e-05	2.898e-05	5.59899e-05
382	8.28558e-05	2.82983e-05	5.46729e-05
383	8.09068e-05	2.76327e-05	5.33868e-05
384	7.90037e-05	2.69827e-05	5.2131e-05
385	7.71453e-05	2.6348e-05	5.09047e-05
386	7.53306e-05	2.57282e-05	4.97073e-05
387	7.35586e-05	2.5123e-05	4.85381e-05
388	7.18283e-05	2.4532e-05	4.73963e-05
389	7.01387e-05	2.3955e-05	4.62814e-05
390	6.84889e-05	2.33915e-05	4.51928e-05
391	6.68778e-05	2.28412e-05	4.41297e-05
392	6.53047e-05	2.23039e-05	4.30916e-05
393	6.37685e-05	2.17793e-05	4.2078e-05
394	6.22685e-05	2.1267e-05	4.10882e-05
395	6.08038e-05	2.07667e-05	4.01217e-05
396	5.93735e-05	2.02782e-05	3.91779e-05
397	5.79769e-05	1.98012e-05	3.82564e-05
398	5.66131e-05	1.93355e-05	3.73565e-05
399	5.52814e-05	1.88806e-05	3.64777e-05
400	5.3981e-05	1.84365e-05	3.56197e-05
401	5.27112e-05	1.80028e-05	3.47818e-05
402	5.14713e-05	1.75794e-05	3.39636e-05
403	5.02606e-05	1.71658e-05	3.31647e-05
404	4.90783e-05	1.6762e-05	3.23846e-05
405	4.79239e-05	1.63678e-05	3.16228e-05
406	4.67966e-05	1.59827e-05	3.0879e-05
407	4.56958e-05	1.56068e-05	3.01526e-05
408	4.46209e-05	1.52397e-05	2.94433e-05
409	4.35713e-05	1.48812e-05	2.87507e-05
410	4.25464e-05	1.45311e-05	2.80744e-05
411	4.15455e-05	1.41893e-05	2.74141e-05
412	4.05683e-05	1.38556e-05	2.67692e-05
413	3.9614e-05	1.35296e-05	2.61395e-05
414	3.86822e-05	1.32114e-05	2.55246e-05
415	3.77723e-05	1.29006e-05	2.49242e-05
416	3.68837e-05	1.25972e-05	2.43379e-05
417	3.60161e-05	1.23008e-05	2.37654e-05
418	3.51689e-05	1.20115e-05	2.32064e-05
419	3.43417e-05	1.17289e-05	2.26605e-05
420	3.35339e-05	1.1453e-05	2.21275e-05
421	3.2745e-05	1.11836e-05	2.1607e-05
422	3.19748e-05	1.09206e-05	2.10987e-05
423	3.12227e-05	1.06637e-05	2.06024e-05
424	3.04882e-05	1.04128e-05	2.01178e-05
425	2.9771e-05	1.01679e-05	1.96446e-05
426	2.90707e-05	9.92873e-06	1.91825e-05
427	2.83869e-05	9.69518e-06	1.87313e-05
428	2.77192e-05	9.46712e-06	1.82906e-05
429	2.70671e-05	9.24443e-06	1.78604e-05
430	2.64305e-05	9.02697e-06	1.74403e-05
431	2.58087e-05	8.81463e-06	1.703e-05
432	2.52016e-05	8.60729e-06	1.66294e-05
433	2.46088e-05	8.40482e-06	1.62383e-05
434	2.403e-05	8.20712e-06	1.58563e-05
435	2.34647e-05	8.01406e-06	1.54833e-05
436	2.29128e-05	7.82555e-06	1.51191e-05
437	2.23738e-05	7.64147e-06	1.47635e-05
438	2.18475e-05	7.46172e-06	1.44162e-05
439	2.13336e-05	7.2862e-06	1.40771e-05
440	2.08317e-05	7.11481e-06	1.37459e-05
441	2.03417e-05	6.94745e-06	1.34226e-05
442	1.98632e-05	6.78402e-06	1.31069e-05
443	1.9396e-05	6.62445e-06	1.27986e-05
444	1.89397e-05	6.46862e-06	1.24975e-05
445	1.84942e-05	6.31646e-06	1.22035e-05
446	1.80592e-05	6.16788e-06	1.19165e-05
447	1.76344e-05	6.02279e-06	1.16361e-05
448	1.72196e-05	5.88112e-06	1.13624e-05
449	1.68145e-05	5.74278e-06	1.10952e-05
450	1.6419e-05	5.60769e-06	1.08342e-05
451	1.60328e-05	5.47579e-06	1.05793e-05
452	1.56556e-05	5.34698e-06	1.03305e-05
453	1.52874e-05	5.2212e-06	1.00875e-05
454	1.49278e-05	5.09839e-06	9.85018e-06
455	1.45766e-05	4.97846e-06	9.61847e-06
456	1.42338e-05	4.86135e-06	9.39222e-06
457	1.38989e-05	4.747e-06	9.17129e-06
458	1.3572e-05	4.63534e-06	8.95556e-06
459	1.32527e-05	4.5263e-06	8.7449e-06
460	1.2941e-05	4.41983e-06	8.53919e-06
461	1.26366e-05	4.31586e-06	8.33833e-06
462	1.23393e-05	4.21434e-06	8.14219e-06
463	1.20491e-05	4.11521e-06	7.95066e-06
464	1.17657e-05	4.01841e-06	7.76364e-06
465	1.14889e-05	3.92388e-06	7.58101e-06
466	1.12187e-05	3.83158e-06	7.40269e-06
467	1.09548e-05	3.74145e-06	7.22856e-06
468	1.06971e-05	3.65344e-06	7.05852e-06
469	1.04454e-05	3.5675e-06	6.89248e-06
470	1.01997e-05	3.48359e-06	6.73035e-06
471	9.95981e-06	3.40164e-06	6.57204e-06
472	9.72553e-06	3.32163e-06	6.41744e-06
473	9.49676e-06	3.24349e-06	6.26649e-06
474	9.27337e-06	3.1672e-06	6.11908e-06
475	9.05523e-06	3.0927e-06	5.97515e-06
476	8.84223e-06	3.01995e-06	5.83459e-06
477	8.63424e-06	2.94891e-06	5.69735e-06
478	8.43113e-06	2.87954e-06	5.56333e-06
479	8.23281e-06	2.81181e-06	5.43246e-06
480	8.03915e-06	2.74567e-06	5.30468e-06
481	7.85005e-06	2.68108e-06	5.1799e-06
482	7.66539e-06	2.61801e-06	5.05805e-06
483	7.48508e-06	2.55643e-06	4.93907e-06
484	7.30901e-06	2.4963e-06	4.82289e-06
485	7.13708e-06	2.43758e-06	4.70944e-06
486	6.9692e-06	2.38024e-06	4.59866e-06
487	6.80526e-06	2.32425e-06	4.49049e-06
488	6.64519e-06	2.26958e-06	4.38486e-06
489	6.48887e-06	2.21619e-06	4.28172e-06
490	6.33624e-06	2.16406e-06	4.181e-06
491	6.18719e-06	2.11315e-06	4.08265e-06
492	6.04165e-06	2.06345e-06	3.98662e-06
493	5.89953e-06	2.01491e-06	3.89284e-06
494	5.76076e-06	1.96751e-06	3.80127e-06
495	5.62525e-06	1.92123e-06	3.71185e-06
496	5.49293e-06	1.87604e-06	3.62454e-06
497	5.36372e-06	1.83191e-06	3.53928e-06
498	5.23755e-06	1.78882e-06	3.45603e-06
499	5.11435e-06	1.74674e-06	3.37473e-06
500	4.99405e-06	1.70565e-06	3.29535e-06
501	4.87657e-06	1.66553e-06	3.21783e-06
502	4.76186e-06	1.62635e-06	3.14214e-06
503	4.64985e-06	1.58809e-06	3.06823e-06
504	4.54047e-06	1.55074e-06	2.99605e-06
505	4.43367e-06	1.51426e-06	2.92558e-06
506	4.32937e-06	1.47864e-06	2.85676e-06
507	4.22754e-06	1.44386e-06	2.78956e-06
508	4.12809e-06	1.4099e-06	2.72394e-06
509	4.03099e-06	1.37673e-06	2.65987e-06
510	3.93617e-06	1.34435e-06	2.5973e-06
511	3.84358e-06	1.31272e-06	2.53621e-06
512	3.75317e-06	1.28184e-06	2.47655e-06
513	3.66488e-06	1.25169e-06	2.41829e-06
514	3.57867e-06	1.22225e-06	2.36141e-06
515	3.49449e-06	1.1935e-06	2.30586e-06
516	3.41229e-06	1.16542e-06	2.25162e-06
517	3.33203e-06	1.13801e-06	2.19866e-06
518	3.25365e-06	1.11124e-06	2.14694e-06
519	3.17711e-06	1.0851e-06	2.09644e-06
520	3.10238e-06	1.05958e-06	2.04712e-06
521	3.0294e-06	1.03465e-06	1.99897e-06
522	2.95814e-06	1.01031e-06	1.95195e-06
523	2.88856e-06	9.86549e-07	1.90603e-06
524	2.82061e-06	9.63342e-07	1.8612e-06
525	2.75426e-06	9.40682e-07	1.81741e-06
526	2.68947e-06	9.18554e-07	1.77466e-06
527	2.62621e-06	8.96948e-07	1.73292e-06
528	2.56443e-06	8.75849e-07	1.69216e-06
529	2.50411e-06	8.55246e-07	1.65235e-06
530	2.44521e-06	8.35129e-07	1.61348e-06
531	2.38769e-06	8.15484e-07	1.57553e-06
532	2.33153e-06	7.96302e-07	1.53847e-06
533	2.27668e-06	7.7757e-07	1.50228e-06
534	2.22313e-06	7.5928e-07	1.46694e-06
535	2.17083e-06	7.41419e-07	1.43244e-06
536	2.11977e-06	7.23979e-07	1.39874e-06
537	2.06991e-06	7.06949e-07	1.36584e-06
538	2.02122e-06	6.9032e-07	1.33371e-06
539	1.97367e-06	6.74081e-07	1.30234e-06
540	1.92725e-06	6.58225e-07	1.2717e-06
541	1.88191e-06	6.42742e-07	1.24179e-06
542	1.83764e-06	6.27623e-07	1.21258e-06
543	1.79442e-06	6.12859e-07	1.18406e-06
544	1.75221e-06	5.98443e-07	1.1562e-06
545	1.71099e-06	5.84366e-07	1.12901e-06
546	1.67074e-06	5.7062e-07	1.10245e-06
547	1.63144e-06	5.57198e-07	1.07652e-06
548	1.59307e-06	5.44091e-07	1.05119e-06
549	1.55559e-06	5.31292e-07	1.02647e-06
550	1.519e-06	5.18795e-07	1.00232e-06
551	1.48327e-06	5.06591e-07	9.78744e-07
552	1.44838e-06	4.94675e-07	9.55721e-07
553	1.41431e-06	4.83039e-07	9.3324e-07
554	1.38104e-06	4.71676e-07	9.11287e-07
555	1.34856e-06	4.60581e-07	8.89851e-07
556	1.31683e-06	4.49747e-07	8.6892e-07
557	1.28586e-06	4.39168e-07	8.4848e-07
558	1.25561e-06	4.28837e-07	8.28522e-07
559	1.22608e-06	4.1875e-07	8.09032e-07
560	1.19723e-06	4.089e-07	7.90002e-07
561	1.16907e-06	3.99281e-07	7.71419e-07
562	1.14157e-06	3.89889e-07	7.53273e-07
563	1.11472e-06	3.80718e-07	7.35554e-07
564	1.0885e-06	3.71762e-07	7.18251e-07
565	1.06289e-06	3.63017e-07	7.01356e-07
566	1.03789e-06	3.54478e-07	6.84858e-07
567	1.01348e-06	3.4614e-07	6.68749e-07
568	9.89638e-07	3.37998e-07	6.53018e-07
569	9.66359e-07	3.30047e-07	6.37657e-07
570	9.43627e-07	3.22283e-07	6.22657e-07
571	9.2143e-07	3.14702e-07	6.08011e-07
572	8.99756e-07	3.073e-07	5.93709e-07
573	8.78591e-07	3.00071e-07	5.79743e-07
574	8.57924e-07	2.93013e-07	5.66106e-07
575	8.37743e-07	2.8612e-07	5.52789e-07
576	8.18037e-07	2.7939e-07	5.39786e-07
577	7.98795e-07	2.72818e-07	5.27089e-07
578	7.80005e-07	2.664e-07	5.1469e-07
579	7.61657e-07	2.60134e-07	5.02583e-07
580	7.43741e-07	2.54015e-07	4.90761e-07
581	7.26246e-07	2.4804e-07	4.79217e-07
582	7.09162e-07	2.42205e-07	4.67945e-07
583	6.92481e-07	2.36508e-07	4.56937e-07
584	6.76192e-07	2.30944e-07	4.46189e-07
585	6.60286e-07	2.25512e-07	4.35693e-07
586	6.44754e-07	2.20207e-07	4.25445e-07
587	6.29588e-07	2.15027e-07	4.15437e-07
588	6.14778e-07	2.09969e-07	4.05665e-07
589	6.00317e-07	2.0503e-07	3.96122e-07
590	5.86196e-07	2.00207e-07	3.86804e-07
591	5.72407e-07	1.95498e-07	3.77706e-07
592	5.58942e-07	1.90899e-07	3.68821e-07
593	5.45794e-07	1.86409e-07	3.60145e-07
594	5.32956e-07	1.82024e-07	3.51674e-07
595	5.20419e-07	1.77742e-07	3.43401e-07
596	5.08177e-07	1.73561e-07	3.35324e-07
597	4.96224e-07	1.69479e-07	3.27436e-07
598	4.84551e-07	1.65492e-07	3.19734e-07
599	4.73153e-07	1.61599e-07	3.12213e-07
600	4.62023e-07	1.57798e-07	3.04869e-07
601	4.51155e-07	1.54086e-07	2.97697e-07
602	4.40543e-07	1.50462e-07	2.90694e-07
603	4.3018e-07	1.46922e-07	2.83857e-07
604	4.20061e-07	1.43466e-07	2.77179e-07
605	4.1018e-07	1.40092e-07	2.70659e-07
606	4.00531e-07	1.36796e-07	2.64293e-07
607	3.9111e-07	1.33578e-07	2.58076e-07
608	3.8191e-07	1.30436e-07	2.52005e-07
609	3.72926e-07	1.27368e-07	2.46077e-07
610	3.64154e-07	1.24372e-07	2.40289e-07
611	3.55588e-07	1.21446e-07	2.34637e-07
612	3.47224e-07	1.1859e-07	2.29117e-07
613	3.39056e-07	1.158e-07	2.23728e-07
614	3.3108e-07	1.13076e-07	2.18465e-07
615	3.23292e-07	1.10416e-07	2.13326e-07
616	3.15688e-07	1.07819e-07	2.08308e-07
617	3.08262e-07	1.05283e-07	2.03408e-07
618	3.01011e-07	1.02806e-07	1.98623e-07
619	2.9393e-07	1.00388e-07	1.93951e-07
620	2.87016e-07	9.80265e-08	1.89389e-07
621	2.80265e-07	9.57207e-08	1.84934e-07
622	2.73672e-07	9.3469e-08	1.80584e-07
623	2.67234e-07	9.12704e-08	1.76336e-07
624	2.60948e-07	8.91235e-08	1.72188e-07
625	2.5481e-07	8.7027e-08	1.68138e-07
626	2.48816e-07	8.49799e-08	1.64183e-07
627	2.42963e-07	8.29809e-08	1.60321e-07
628	2.37248e-07	8.1029e-08	1.5655e-07
629	2.31667e-07	7.9123e-08	1.52867e-07
630	2.26218e-07	7.72618e-08	1.49271e-07
631	2.20897e-07	7.54444e-08	1.4576e-07
632	2.15701e-07	7.36697e-08	1.42331e-07
633	2.10627e-07	7.19368e-08	1.38983e-07
634	2.05672e-07	7.02446e-08	1.35714e-07
635	2.00834e-07	6.85923e-08	1.32522e-07
636	1.9611e-07	6.69788e-08	1.29404e-07
637	1.91497e-07	6.54033e-08	1.2636e-07
638	1.86992e-07	6.38648e-08	1.23388e-07
639	1.82594e-07	6.23625e-08	1.20486e-07
640	1.78299e-07	6.08956e-08	1.17651e-07
641	1.74105e-07	5.94632e-08	1.14884e-07
642	1.70009e-07	5.80644e-08	1.12182e-07
643	1.6601e-07	5.66986e-08	1.09543e-07
644	1.62105e-07	5.53649e-08	1.06966e-07
645	1.58292e-07	5.40625e-08	1.0445e-07
646	1.54568e-07	5.27908e-08	1.01993e-07
647	1.50933e-07	5.1549e-08	9.95937e-08
648	1.47382e-07	5.03365e-08	9.7251e-08
649	1.43915e-07	4.91524e-08	9.49634e-08
650	1.4053e-07	4.79962e-08	9.27296e-08
651	1.37224e-07	4.68672e-08	9.05483e-08
652	1.33997e-07	4.57648e-08	8.84184e-08
653	1.30845e-07	4.46882e-08	8.63385e-08
654	1.27767e-07	4.36371e-08	8.43076e-08
655	1.24761e-07	4.26106e-08	8.23244e-08
656	1.21827e-07	4.16083e-08	8.03879e-08
657	1.18961e-07	4.06295e-08	7.8497e-08
658	1.16163e-07	3.96738e-08	7.66505e-08
659	1.1343e-07	3.87406e-08	7.48475e-08
660	1.10762e-07	3.78293e-08	7.30869e-08
661	1.08157e-07	3.69394e-08	7.13677e-08
662	1.05612e-07	3.60705e-08	6.96889e-08
663	1.03128e-07	3.5222e-08	6.80496e-08
664	1.00702e-07	3.43935e-08	6.64489e-08
665	9.83334e-08	3.35845e-08	6.48858e-08
666	9.60203e-08	3.27945e-08	6.33595e-08
667	9.37617e-08	3.20231e-08	6.18692e-08
668	9.15561e-08	3.12698e-08	6.04138e-08
669	8.94025e-08	3.05342e-08	5.89927e-08
670	8.72995e-08	2.9816e-08	5.7605e-08
671	8.5246e-08	2.91146e-08	5.625e-08
672	8.32407e-08	2.84298e-08	5.49269e-08
673	8.12827e-08	2.7761e-08	5.36348e-08
674	7.93707e-08	2.7108e-08	5.23732e-08
675	7.75037e-08	2.64704e-08	5.11412e-08
676	7.56806e-08	2.58477e-08	4.99382e-08
677	7.39003e-08	2.52397e-08	4.87635e-08
678	7.2162e-08	2.4646e-08	4.76165e-08
679	7.04646e-08	2.40662e-08	4.64964e-08
680	6.8807e-08	2.35001e-08	4.54027e-08
681	6.71885e-08	2.29473e-08	4.43347e-08
682	6.5608e-08	2.24076e-08	4.32918e-08
683	6.40648e-08	2.18805e-08	4.22735e-08
684	6.25578e-08	2.13658e-08	4.12791e-08
685	6.10862e-08	2.08632e-08	4.03081e-08
686	5.96493e-08	2.03724e-08	3.93599e-08
687	5.82462e-08	1.98932e-08	3.84341e-08
688	5.68761e-08	1.94253e-08	3.753e-08
689	5.55382e-08	1.89683e-08	3.66472e-08
690	5.42318e-08	1.85222e-08	3.57851e-08
691	5.29561e-08	1.80865e-08	3.49434e-08
692	5.17105e-08	1.7661e-08	3.41214e-08
693	5.04941e-08	1.72456e-08	3.33188e-08
694	4.93063e-08	1.68399e-08	3.2535e-08
695	4.81465e-08	1.64438e-08	3.17697e-08
696	4.70139e-08	1.6057e-08	3.10224e-08
697	4.5908e-08	1.56793e-08	3.02927e-08
698	4.48282e-08	1.53105e-08	2.95801e-08
699	4.37737e-08	1.49503e-08	2.88843e-08
700	4.2744e-08	1.45986e-08	2.82049e-08
701	4.17385e-08	1.42552e-08	2.75414e-08
702	4.07567e-08	1.39199e-08	2.68935e-08
703	3.9798e-08	1.35925e-08	2.62609e-08
704	3.88619e-08	1.32728e-08	2.56432e-08
705	3.79477e-08	1.29605e-08	2.504e-08
706	3.70551e-08	1.26557e-08	2.4451e-08
707	3.61835e-08	1.2358e-08	2.38758e-08
708	3.53323e-08	1.20673e-08	2.33142e-08
709	3.45012e-08	1.17834e-08	2.27658e-08
710	3.36897e-08	1.15062e-08	2.22303e-08
711	3.28972e-08	1.12356e-08	2.17074e-08
712	3.21233e-08	1.09713e-08	2.11967e-08
713	3.13677e-08	1.07132e-08	2.06981e-08
714	3.06298e-08	1.04612e-08	2.02113e-08
715	2.99093e-08	1.02151e-08	1.97358e-08
716	2.92058e-08	9.97485e-09	1.92716e-08
717	2.85188e-08	9.74021e-09	1.88183e-08
718	2.78479e-08	9.5111e-09	1.83756e-08
719	2.71929e-08	9.28737e-09	1.79434e-08
720	2.65532e-08	9.0689e-09	1.75213e-08
721	2.59286e-08	8.85558e-09	1.71091e-08
722	2.53187e-08	8.64727e-09	1.67067e-08
723	2.47231e-08	8.44386e-09	1.63137e-08
724	2.41416e-08	8.24524e-09	1.593e-08
725	2.35737e-08	8.05129e-09	1.55552e-08
726	2.30192e-08	7.8619e-09	1.51893e-08
727	2.24777e-08	7.67697e-09	1.4832e-08
728	2.1949e-08	7.49638e-09	1.44832e-08
729	2.14327e-08	7.32005e-09	1.41425e-08
730	2.09285e-08	7.14786e-09	1.38098e-08
731	2.04362e-08	6.97972e-09	1.3485e-08
732	1.99555e-08	6.81554e-09	1.31677e-08
733	1.94861e-08	6.65522e-09	1.2858e-08
734	1.90277e-08	6.49867e-09	1.25555e-08
735	1.85801e-08	6.3458e-09	1.22602e-08
736	1.81431e-08	6.19653e-09	1.19718e-08
737	1.77163e-08	6.05077e-09	1.16902e-08
738	1.72996e-08	5.90844e-09	1.14152e-08
739	1.68927e-08	5.76946e-09	1.11467e-08
740	1.64953e-08	5.63374e-09	1.08845e-08
741	1.61073e-08	5.50122e-09	1.06285e-08
742	1.57284e-08	5.37182e-09	1.03785e-08
743	1.53584e-08	5.24546e-09	1.01343e-08
744	1.49971e-08	5.12207e-09	9.89594e-09
745	1.46443e-08	5.00159e-09	9.66316e-09
746	1.42999e-08	4.88393e-09	9.43585e-09
747	1.39635e-08	4.76905e-09	9.21389e-09
748	1.3635e-08	4.65687e-09	8.99716e-09
749	1.33143e-08	4.54733e-09	8.78552e-09
750	1.30011e-08	4.44036e-09	8.57886e-09
751	1.26953e-08	4.33591e-09	8.37706e-09
752	1.23966e-08	4.23392e-09	8.18001e-09
753	1.21051e-08	4.13432e-09	7.98759e-09
754	1.18203e-08	4.03707e-09	7.7997e-09
755	1.15423e-08	3.94211e-09	7.61623e-09
756	1.12707e-08	3.84938e-09	7.43708e-09
757	1.10056e-08	3.75883e-09	7.26214e-09
758	1.07468e-08	3.67041e-09	7.09131e-09
759	1.0494e-08	3.58408e-09	6.9245e-09
760	1.02471e-08	3.49977e-09	6.76162e-09
761	1.00061e-08	3.41744e-09	6.60257e-09
762	9.77071e-09	3.33706e-09	6.44726e-09
