X coord:		Y coord:		Temperature:
-----------------------------------------------------------
0	0	9.64375e-20
0.025	0	2.5
0.05	0	5
0.075	0	7.5
0.1	0	10
0.125	0	12.5
0.15	0	15
0.175	0	17.5
0.2	0	20
0.225	0	22.5
0.25	0	25
0.275	0	27.5
0.3	0	30
0.325	0	32.5
0.35	0	35
0.375	0	37.5
0.4	0	40
0.425	0	42.5
0.45	0	45.0001
0.475	0	47.5005
0.5	0	50.0019
0.525	0	52.5063
0.55	0	55.02
0.575	0	57.5598
0.6	0	60.1677
0.625	0	62.9419
0.65	0	66.0937
0.675	0	70.043
0.7	0	75.5545
0.725	0	83.8971
0.75	0	96.9685
0.775	0	117.28
0.8	0	147.668
0.825	0	190.633
0.85	0	247.326
0.875	0	316.417
0.9	0	393.265
0.925	0	469.92
0.95	0	536.248
0.975	0	582.117
1	0	600
0	0.025	9.34704e-20
0.025	0.025	2.43727
0.05	0.025	4.87453
0.075	0.025	7.31179
0.1	0.025	9.74904
0.125	0.025	12.1863
0.15	0.025	14.6235
0.175	0.025	17.0607
0.2	0.025	19.4979
0.225	0.025	21.9351
0.25	0.025	24.3722
0.275	0.025	26.8093
0.3	0.025	29.2464
0.325	0.025	31.6834
0.35	0.025	34.1204
0.375	0.025	36.5574
0.4	0.025	38.9943
0.425	0.025	41.4313
0.45	0.025	43.8683
0.475	0.025	46.3058
0.5	0.025	48.7445
0.525	0.025	51.1866
0.55	0.025	53.6386
0.575	0.025	56.1169
0.6	0.025	58.6626
0.625	0.025	61.3703
0.65	0.025	64.4431
0.675	0.025	68.284
0.7	0.025	73.6278
0.725	0.025	81.6965
0.75	0.025	94.3228
0.775	0.025	113.941
0.8	0.025	143.314
0.825	0.025	184.894
0.85	0.025	239.836
0.875	0.025	306.884
0.9	0.025	381.553
0.925	0.025	456.098
0.95	0.025	520.612
0.975	0.025	565.125
1	0.025	582.117
0	0.05	8.51058e-20
0.025	0.05	2.37453
0.05	0.05	4.74906
0.075	0.05	7.12358
0.1	0.05	9.49809
0.125	0.05	11.8726
0.15	0.05	14.247
0.175	0.05	16.6214
0.2	0.05	18.9958
0.225	0.05	21.3702
0.25	0.05	23.7444
0.275	0.05	26.1186
0.3	0.05	28.4928
0.325	0.05	30.8669
0.35	0.05	33.2408
0.375	0.05	35.6148
0.4	0.05	37.9886
0.425	0.05	40.3625
0.45	0.05	42.7364
0.475	0.05	45.1107
0.5	0.05	47.4862
0.525	0.05	49.865
0.55	0.05	52.253
0.575	0.05	54.6651
0.6	0.05	57.1384
0.625	0.05	59.7582
0.65	0.05	62.7077
0.675	0.05	66.3508
0.7	0.05	71.3527
0.725	0.05	78.8218
0.75	0.05	90.4241
0.775	0.05	108.378
0.8	0.05	135.208
0.825	0.05	173.162
0.85	0.05	223.312
0.875	0.05	284.532
0.9	0.05	352.741
0.925	0.05	420.872
0.95	0.05	479.869
0.975	0.05	520.612
1	0.05	536.248
0	0.075	7.27948e-20
0.025	0.075	2.31181
0.05	0.075	4.62361
0.075	0.075	6.93539
0.1	0.075	9.24716
0.125	0.075	11.5589
0.15	0.075	13.8706
0.175	0.075	16.1822
0.2	0.075	18.4938
0.225	0.075	20.8053
0.25	0.075	23.1167
0.275	0.075	25.4281
0.3	0.075	27.7393
0.325	0.075	30.0504
0.35	0.075	32.3614
0.375	0.075	34.6722
0.4	0.075	36.9829
0.425	0.075	39.2936
0.45	0.075	41.6042
0.475	0.075	43.9152
0.5	0.075	46.227
0.525	0.075	48.5415
0.55	0.075	50.8637
0.575	0.075	53.206
0.6	0.075	55.5996
0.625	0.075	58.1165
0.65	0.075	60.9119
0.675	0.075	64.2949
0.7	0.075	68.8316
0.725	0.075	75.4675
0.75	0.075	85.6265
0.775	0.075	101.207
0.8	0.075	124.375
0.825	0.075	157.061
0.85	0.075	200.195
0.875	0.075	252.823
0.9	0.075	311.461
0.925	0.075	370.062
0.95	0.075	420.872
0.975	0.075	456.098
1	0.075	469.92
0	0.1	5.84923e-20
0.025	0.1	2.24909
0.05	0.1	4.49817
0.075	0.1	6.74723
0.1	0.1	8.99626
0.125	0.1	11.2452
0.15	0.1	13.4942
0.175	0.1	15.743
0.2	0.1	17.9918
0.225	0.1	20.2405
0.25	0.1	22.4891
0.275	0.1	24.7376
0.3	0.1	26.9859
0.325	0.1	29.234
0.35	0.1	31.482
0.375	0.1	33.7298
0.4	0.1	35.9774
0.425	0.1	38.2248
0.45	0.1	40.472
0.475	0.1	42.7193
0.5	0.1	44.9671
0.525	0.1	47.2168
0.55	0.1	49.4719
0.575	0.1	51.7424
0.6	0.1	54.0527
0.625	0.1	56.4596
0.65	0.1	59.0865
0.675	0.1	62.18
0.7	0.1	66.1931
0.725	0.1	71.8835
0.75	0.1	80.3948
0.775	0.1	93.2537
0.8	0.1	112.203
0.825	0.1	138.802
0.85	0.1	173.806
0.875	0.1	216.456
0.9	0.1	263.958
0.925	0.1	311.461
0.95	0.1	352.741
0.975	0.1	381.553
1	0.1	393.265
0	0.125	4.41523e-20
0.025	0.125	2.18638
0.05	0.125	4.37275
0.075	0.125	6.5591
0.1	0.125	8.7454
0.125	0.125	10.9317
0.15	0.125	13.1179
0.175	0.125	15.304
0.2	0.125	17.49
0.225	0.125	19.6759
0.25	0.125	21.8616
0.275	0.125	24.0472
0.3	0.125	26.2327
0.325	0.125	28.4179
0.35	0.125	30.6029
0.375	0.125	32.7876
0.4	0.125	34.972
0.425	0.125	37.1561
0.45	0.125	39.34
0.475	0.125	41.5235
0.5	0.125	43.7071
0.525	0.125	45.8916
0.55	0.125	48.0795
0.575	0.125	50.2778
0.6	0.125	52.5045
0.625	0.125	54.8016
0.65	0.125	57.261
0.675	0.125	60.0675
0.7	0.125	63.5615
0.725	0.125	68.314
0.75	0.125	75.1875
0.775	0.125	85.3356
0.8	0.125	100.077
0.825	0.125	120.594
0.85	0.125	147.462
0.875	0.125	180.116
0.9	0.125	216.456
0.925	0.125	252.823
0.95	0.125	284.532
0.975	0.125	306.884
1	0.125	316.417
0	0.15	3.13087e-20
0.025	0.15	2.12369
0.05	0.15	4.24736
0.075	0.15	6.371
0.1	0.15	8.4946
0.125	0.15	10.6181
0.15	0.15	12.7416
0.175	0.15	14.865
0.2	0.15	16.9882
0.225	0.15	19.1113
0.25	0.15	21.2343
0.275	0.15	23.3571
0.3	0.15	25.4796
0.325	0.15	27.6019
0.35	0.15	29.724
0.375	0.15	31.8457
0.4	0.15	33.967
0.425	0.15	36.0878
0.45	0.15	38.2082
0.475	0.15	40.3281
0.5	0.15	42.4475
0.525	0.15	44.5669
0.55	0.15	46.6879
0.575	0.15	48.8151
0.6	0.15	50.9605
0.625	0.15	53.1534
0.65	0.15	55.458
0.675	0.15	58.0043
0.7	0.15	61.0325
0.725	0.15	64.9469
0.75	0.15	70.3593
0.775	0.15	78.089
0.8	0.15	89.0737
0.825	0.15	104.156
0.85	0.15	123.75
0.875	0.15	147.462
0.9	0.15	173.806
0.925	0.15	200.195
0.95	0.15	223.312
0.975	0.15	239.836
1	0.15	247.326
0	0.175	2.08561e-20
0.025	0.175	2.061
0.05	0.175	4.12199
0.075	0.175	6.18295
0.1	0.175	8.24385
0.125	0.175	10.3047
0.15	0.175	12.3654
0.175	0.175	14.4261
0.2	0.175	16.4866
0.225	0.175	18.547
0.25	0.175	20.6072
0.275	0.175	22.6671
0.3	0.175	24.7269
0.325	0.175	26.7863
0.35	0.175	28.8454
0.375	0.175	30.9041
0.4	0.175	32.9623
0.425	0.175	35.02
0.45	0.175	37.0771
0.475	0.175	39.1334
0.5	0.175	41.1889
0.525	0.175	43.2437
0.55	0.175	45.2986
0.575	0.175	47.3563
0.6	0.175	49.4245
0.625	0.175	51.5219
0.65	0.175	53.6908
0.675	0.175	56.017
0.7	0.175	58.6599
0.725	0.175	61.8887
0.75	0.175	66.1113
0.775	0.175	71.8752
0.8	0.175	79.808
0.825	0.175	90.4748
0.85	0.175	104.156
0.875	0.175	120.594
0.9	0.175	138.802
0.925	0.175	157.061
0.95	0.175	173.162
0.975	0.175	184.894
1	0.175	190.633
0	0.2	1.30514e-20
0.025	0.2	1.99834
0.05	0.2	3.99666
0.075	0.2	5.99494
0.1	0.2	7.99317
0.125	0.2	9.99133
0.15	0.2	11.9894
0.175	0.2	13.9873
0.2	0.2	15.9852
0.225	0.2	17.9828
0.25	0.2	19.9802
0.275	0.2	21.9774
0.3	0.2	23.9744
0.325	0.2	25.971
0.35	0.2	27.9672
0.375	0.2	29.963
0.4	0.2	31.9583
0.425	0.2	33.9529
0.45	0.2	35.9468
0.475	0.2	37.9397
0.5	0.2	39.9316
0.525	0.2	41.9223
0.55	0.2	43.9121
0.575	0.2	45.9025
0.6	0.2	47.8978
0.625	0.2	49.9094
0.65	0.2	51.9632
0.675	0.2	54.1125
0.7	0.2	56.457
0.725	0.2	59.1652
0.75	0.2	62.4934
0.775	0.2	66.786
0.8	0.2	72.4384
0.825	0.2	79.808
0.85	0.2	89.0737
0.875	0.2	100.077
0.9	0.2	112.203
0.925	0.2	124.375
0.95	0.2	135.208
0.975	0.2	143.314
1	0.2	147.668
0	0.225	7.67252e-21
0.025	0.225	1.93569
0.05	0.225	3.87136
0.075	0.225	5.80699
0.1	0.225	7.74256
0.125	0.225	9.67806
0.15	0.225	11.6135
0.175	0.225	13.5487
0.2	0.225	15.4839
0.225	0.225	17.4188
0.25	0.225	19.3535
0.275	0.225	21.288
0.3	0.225	23.2222
0.325	0.225	25.1561
0.35	0.225	27.0895
0.375	0.225	29.0225
0.4	0.225	30.9549
0.425	0.225	32.8866
0.45	0.225	34.8174
0.475	0.225	36.7473
0.5	0.225	38.6759
0.525	0.225	40.6031
0.55	0.225	42.5289
0.575	0.225	44.4538
0.6	0.225	46.3803
0.625	0.225	48.3146
0.65	0.225	50.2718
0.675	0.225	52.2831
0.7	0.225	54.4071
0.725	0.225	56.7435
0.75	0.225	59.4441
0.775	0.225	62.7132
0.8	0.225	66.786
0.825	0.225	71.8752
0.85	0.225	78.089
0.875	0.225	85.3356
0.9	0.225	93.2537
0.925	0.225	101.207
0.95	0.225	108.378
0.975	0.225	113.941
1	0.225	117.28
0	0.25	4.23717e-21
0.025	0.25	1.87306
0.05	0.25	3.7461
0.075	0.25	5.6191
0.1	0.25	7.49204
0.125	0.25	9.36489
0.15	0.25	11.2377
0.175	0.25	13.1103
0.2	0.25	14.9827
0.225	0.25	16.855
0.25	0.25	18.7271
0.275	0.25	20.5989
0.3	0.25	22.4704
0.325	0.25	24.3415
0.35	0.25	26.2123
0.375	0.25	28.0825
0.4	0.25	29.9521
0.425	0.25	31.821
0.45	0.25	33.6891
0.475	0.25	35.5561
0.5	0.25	37.4219
0.525	0.25	39.2862
0.55	0.25	41.1488
0.575	0.25	43.01
0.6	0.25	44.8708
0.625	0.25	46.7347
0.65	0.25	48.6097
0.675	0.25	50.5132
0.7	0.25	52.478
0.725	0.25	54.5597
0.75	0.25	56.8435
0.775	0.25	59.4441
0.8	0.25	62.4934
0.825	0.25	66.1113
0.85	0.25	70.3593
0.875	0.25	75.1875
0.9	0.25	80.3948
0.925	0.25	85.6265
0.95	0.25	90.4241
0.975	0.25	94.3228
1	0.25	96.9685
0	0.275	2.19821e-21
0.025	0.275	1.81045
0.05	0.275	3.62087
0.075	0.275	5.43126
0.1	0.275	7.24159
0.125	0.275	9.05183
0.15	0.275	10.862
0.175	0.275	12.672
0.2	0.275	14.4818
0.225	0.275	16.2915
0.25	0.275	18.1009
0.275	0.275	19.9101
0.3	0.275	21.7189
0.325	0.275	23.5274
0.35	0.275	25.3355
0.375	0.275	27.1431
0.4	0.275	28.9501
0.425	0.275	30.7564
0.45	0.275	32.5618
0.475	0.275	34.3663
0.5	0.275	36.1695
0.525	0.275	37.9714
0.55	0.275	39.7716
0.575	0.275	41.5702
0.6	0.275	43.3677
0.625	0.275	45.1657
0.65	0.275	46.9686
0.675	0.275	48.7856
0.7	0.275	50.634
0.725	0.275	52.5436
0.75	0.275	54.5597
0.775	0.275	56.7435
0.8	0.275	59.1652
0.825	0.275	61.8887
0.85	0.275	64.9469
0.875	0.275	68.314
0.9	0.275	71.8835
0.925	0.275	75.4675
0.95	0.275	78.8218
0.975	0.275	81.6965
1	0.275	83.8971
0	0.3	1.07132e-21
0.025	0.3	1.74786
0.05	0.3	3.49569
0.075	0.3	5.24349
0.1	0.3	6.99122
0.125	0.3	8.73887
0.15	0.3	10.4864
0.175	0.3	12.2338
0.2	0.3	13.9811
0.225	0.3	15.7282
0.25	0.3	17.475
0.275	0.3	19.2216
0.3	0.3	20.9679
0.325	0.3	22.7138
0.35	0.3	24.4593
0.375	0.3	26.2043
0.4	0.3	27.9488
0.425	0.3	29.6925
0.45	0.3	31.4355
0.475	0.3	33.1776
0.5	0.3	34.9186
0.525	0.3	36.6584
0.55	0.3	38.3967
0.575	0.3	40.1336
0.6	0.3	41.8691
0.625	0.3	43.6043
0.65	0.3	45.3413
0.675	0.3	47.0848
0.7	0.3	48.844
0.725	0.3	50.634
0.75	0.3	52.478
0.775	0.3	54.4071
0.8	0.3	56.457
0.825	0.3	58.6599
0.85	0.3	61.0325
0.875	0.3	63.5615
0.9	0.3	66.1931
0.925	0.3	68.8316
0.95	0.3	71.3527
0.975	0.3	73.6278
1	0.3	75.5545
0	0.325	4.90488e-22
0.025	0.325	1.68528
0.05	0.325	3.37055
0.075	0.325	5.05577
0.1	0.325	6.74094
0.125	0.325	8.42602
0.15	0.325	10.111
0.175	0.325	11.7958
0.2	0.325	13.4805
0.225	0.325	15.165
0.25	0.325	16.8493
0.275	0.325	18.5334
0.3	0.325	20.2171
0.325	0.325	21.9005
0.35	0.325	23.5835
0.375	0.325	25.2661
0.4	0.325	26.9481
0.425	0.325	28.6295
0.45	0.325	30.3102
0.475	0.325	31.9901
0.5	0.325	33.6691
0.525	0.325	35.347
0.55	0.325	37.0237
0.575	0.325	38.6992
0.6	0.325	40.3737
0.625	0.325	42.0475
0.65	0.325	43.722
0.675	0.325	45.3995
0.7	0.325	47.0848
0.725	0.325	48.7856
0.75	0.325	50.5132
0.775	0.325	52.2831
0.8	0.325	54.1125
0.825	0.325	56.017
0.85	0.325	58.0043
0.875	0.325	60.0675
0.9	0.325	62.18
0.925	0.325	64.2949
0.95	0.325	66.3508
0.975	0.325	68.284
1	0.325	70.043
0	0.35	2.10956e-22
0.025	0.35	1.62273
0.05	0.35	3.24545
0.075	0.35	4.86812
0.1	0.35	6.49074
0.125	0.35	8.11327
0.15	0.35	9.73571
0.175	0.35	11.358
0.2	0.35	12.9802
0.225	0.35	14.6022
0.25	0.35	16.2239
0.275	0.35	17.8455
0.3	0.35	19.4667
0.325	0.35	21.0876
0.35	0.35	22.7082
0.375	0.35	24.3284
0.4	0.35	25.948
0.425	0.35	27.5672
0.45	0.35	29.1857
0.475	0.35	30.8035
0.5	0.35	32.4205
0.525	0.35	34.0368
0.55	0.35	35.6521
0.575	0.35	37.2665
0.6	0.35	38.8801
0.625	0.35	40.4933
0.65	0.35	42.1068
0.675	0.35	43.722
0.7	0.35	45.3413
0.725	0.35	46.9686
0.75	0.35	48.6097
0.775	0.35	50.2718
0.8	0.35	51.9632
0.825	0.35	53.6908
0.85	0.35	55.458
0.875	0.35	57.261
0.9	0.35	59.0865
0.925	0.35	60.9119
0.95	0.35	62.7077
0.975	0.35	64.4431
1	0.35	66.0937
0	0.375	8.5234e-23
0.025	0.375	1.5602
0.05	0.375	3.12038
0.075	0.375	4.68053
0.1	0.375	6.24062
0.125	0.375	7.80063
0.15	0.375	9.36054
0.175	0.375	10.9203
0.2	0.375	12.48
0.225	0.375	14.0395
0.25	0.375	15.5988
0.275	0.375	17.1578
0.3	0.375	18.7166
0.325	0.375	20.2751
0.35	0.375	21.8333
0.375	0.375	23.3911
0.4	0.375	24.9485
0.425	0.375	26.5054
0.45	0.375	28.0618
0.475	0.375	29.6177
0.5	0.375	31.1729
0.525	0.375	32.7275
0.55	0.375	34.2814
0.575	0.375	35.8348
0.6	0.375	37.3876
0.625	0.375	38.9403
0.65	0.375	40.4933
0.675	0.375	42.0475
0.7	0.375	43.6043
0.725	0.375	45.1657
0.75	0.375	46.7347
0.775	0.375	48.3146
0.8	0.375	49.9094
0.825	0.375	51.5219
0.85	0.375	53.1534
0.875	0.375	54.8016
0.9	0.375	56.4596
0.925	0.375	58.1165
0.95	0.375	59.7582
0.975	0.375	61.3703
1	0.375	62.9419
0	0.4	3.23512e-23
0.025	0.4	1.49769
0.05	0.4	2.99536
0.075	0.4	4.49299
0.1	0.4	5.99057
0.125	0.4	7.48808
0.15	0.4	8.9855
0.175	0.4	10.4828
0.2	0.4	11.98
0.225	0.4	13.477
0.25	0.4	14.9738
0.275	0.4	16.4705
0.3	0.4	17.9668
0.325	0.4	19.463
0.35	0.4	20.9588
0.375	0.4	22.4543
0.4	0.4	23.9495
0.425	0.4	25.4442
0.45	0.4	26.9386
0.475	0.4	28.4325
0.5	0.4	29.9259
0.525	0.4	31.4188
0.55	0.4	32.9114
0.575	0.4	34.4036
0.6	0.4	35.8956
0.625	0.4	37.3876
0.65	0.4	38.8801
0.675	0.4	40.3737
0.7	0.4	41.8691
0.725	0.4	43.3677
0.75	0.4	44.8708
0.775	0.4	46.3803
0.8	0.4	47.8978
0.825	0.4	49.4245
0.85	0.4	50.9605
0.875	0.4	52.5045
0.9	0.4	54.0527
0.925	0.4	55.5996
0.95	0.4	57.1384
0.975	0.4	58.6626
1	0.4	60.1677
0	0.425	1.15352e-23
0.025	0.425	1.43519
0.05	0.425	2.87037
0.075	0.425	4.30551
0.1	0.425	5.7406
0.125	0.425	7.17562
0.15	0.425	8.61056
0.175	0.425	10.0454
0.2	0.425	11.4801
0.225	0.425	12.9147
0.25	0.425	14.3491
0.275	0.425	15.7833
0.3	0.425	17.2173
0.325	0.425	18.6511
0.35	0.425	20.0846
0.375	0.425	21.5179
0.4	0.425	22.9508
0.425	0.425	24.3835
0.45	0.425	25.8157
0.475	0.425	27.2477
0.5	0.425	28.6793
0.525	0.425	30.1106
0.55	0.425	31.5417
0.575	0.425	32.9726
0.6	0.425	34.4036
0.625	0.425	35.8348
0.65	0.425	37.2665
0.675	0.425	38.6992
0.7	0.425	40.1336
0.725	0.425	41.5702
0.75	0.425	43.01
0.775	0.425	44.4538
0.8	0.425	45.9025
0.825	0.425	47.3563
0.85	0.425	48.8151
0.875	0.425	50.2778
0.9	0.425	51.7424
0.925	0.425	53.206
0.95	0.425	54.6651
0.975	0.425	56.1169
1	0.425	57.5598
0	0.45	3.8638e-24
0.025	0.45	1.37271
0.05	0.45	2.74541
0.075	0.45	4.11807
0.1	0.45	5.49069
0.125	0.45	6.86325
0.15	0.45	8.23573
0.175	0.45	9.60812
0.2	0.45	10.9804
0.225	0.45	12.3525
0.25	0.45	13.7245
0.275	0.45	15.0964
0.3	0.45	16.468
0.325	0.45	17.8395
0.35	0.45	19.2107
0.375	0.45	20.5817
0.4	0.45	21.9525
0.425	0.45	23.323
0.45	0.45	24.6933
0.475	0.45	26.0633
0.5	0.45	27.4331
0.525	0.45	28.8027
0.55	0.45	30.1722
0.575	0.45	31.5417
0.6	0.45	32.9114
0.625	0.45	34.2814
0.65	0.45	35.6521
0.675	0.45	37.0237
0.7	0.45	38.3967
0.725	0.45	39.7716
0.75	0.45	41.1488
0.775	0.45	42.5289
0.8	0.45	43.9121
0.825	0.45	45.2986
0.85	0.45	46.6879
0.875	0.45	48.0795
0.9	0.45	49.4719
0.925	0.45	50.8637
0.95	0.45	52.253
0.975	0.45	53.6386
1	0.45	55.02
0	0.475	1.2158e-24
0.025	0.475	1.31025
0.05	0.475	2.62048
0.075	0.475	3.93069
0.1	0.475	5.24085
0.125	0.475	6.55096
0.15	0.475	7.861
0.175	0.475	9.17095
0.2	0.475	10.4808
0.225	0.475	11.7905
0.25	0.475	13.1002
0.275	0.475	14.4096
0.3	0.475	15.7189
0.325	0.475	17.0281
0.35	0.475	18.337
0.375	0.475	19.6458
0.4	0.475	20.9544
0.425	0.475	22.2628
0.45	0.475	23.571
0.475	0.475	24.8791
0.5	0.475	26.187
0.525	0.475	27.4948
0.55	0.475	28.8027
0.575	0.475	30.1106
0.6	0.475	31.4188
0.625	0.475	32.7275
0.65	0.475	34.0368
0.675	0.475	35.347
0.7	0.475	36.6584
0.725	0.475	37.9714
0.75	0.475	39.2862
0.775	0.475	40.6031
0.8	0.475	41.9223
0.825	0.475	43.2437
0.85	0.475	44.5669
0.875	0.475	45.8916
0.9	0.475	47.2168
0.925	0.475	48.5415
0.95	0.475	49.865
0.975	0.475	51.1866
1	0.475	52.5063
0	0.5	3.59389e-25
0.025	0.5	1.2478
0.05	0.5	2.49558
0.075	0.5	3.74334
0.1	0.5	4.99106
0.125	0.5	6.23873
0.15	0.5	7.48634
0.175	0.5	8.73388
0.2	0.5	9.98133
0.225	0.5	11.2287
0.25	0.5	12.4759
0.275	0.5	13.723
0.3	0.5	14.97
0.325	0.5	16.2169
0.35	0.5	17.4636
0.375	0.5	18.7101
0.4	0.5	19.9565
0.425	0.5	21.2028
0.45	0.5	22.4489
0.475	0.5	23.695
0.5	0.5	24.941
0.525	0.5	26.187
0.55	0.5	27.4331
0.575	0.5	28.6793
0.6	0.5	29.9259
0.625	0.5	31.1729
0.65	0.5	32.4205
0.675	0.5	33.6691
0.7	0.5	34.9186
0.725	0.5	36.1695
0.75	0.5	37.4219
0.775	0.5	38.6759
0.8	0.5	39.9316
0.825	0.5	41.1889
0.85	0.5	42.4475
0.875	0.5	43.7071
0.9	0.5	44.9671
0.925	0.5	46.227
0.95	0.5	47.4862
0.975	0.5	48.7445
1	0.5	50.0019
0	0.525	9.97987e-26
0.025	0.525	1.18536
0.05	0.525	2.37071
0.075	0.525	3.55603
0.1	0.525	4.74132
0.125	0.525	5.92657
0.15	0.525	7.11177
0.175	0.525	8.2969
0.2	0.525	9.48195
0.225	0.525	10.6669
0.25	0.525	11.8518
0.275	0.525	13.0366
0.3	0.525	14.2212
0.325	0.525	15.4058
0.35	0.525	16.5902
0.375	0.525	17.7746
0.4	0.525	18.9588
0.425	0.525	20.1429
0.45	0.525	21.327
0.475	0.525	22.511
0.5	0.525	23.695
0.525	0.525	24.8791
0.55	0.525	26.0633
0.575	0.525	27.2477
0.6	0.525	28.4325
0.625	0.525	29.6177
0.65	0.525	30.8035
0.675	0.525	31.9901
0.7	0.525	33.1776
0.725	0.525	34.3663
0.75	0.525	35.5561
0.775	0.525	36.7473
0.8	0.525	37.9397
0.825	0.525	39.1334
0.85	0.525	40.3281
0.875	0.525	41.5235
0.9	0.525	42.7193
0.925	0.525	43.9152
0.95	0.525	45.1107
0.975	0.525	46.3058
1	0.525	47.5005
0	0.55	2.60341e-26
0.025	0.55	1.12293
0.05	0.55	2.24585
0.075	0.55	3.36876
0.1	0.55	4.49163
0.125	0.55	5.61447
0.15	0.55	6.73726
0.175	0.55	7.85999
0.2	0.55	8.98266
0.225	0.55	10.1053
0.25	0.55	11.2278
0.275	0.55	12.3502
0.3	0.55	13.4726
0.325	0.55	14.5948
0.35	0.55	15.717
0.375	0.55	16.8391
0.4	0.55	17.9611
0.425	0.55	19.0831
0.45	0.55	20.205
0.475	0.55	21.327
0.5	0.55	22.4489
0.525	0.55	23.571
0.55	0.55	24.6933
0.575	0.55	25.8157
0.6	0.55	26.9386
0.625	0.55	28.0618
0.65	0.55	29.1857
0.675	0.55	30.3102
0.7	0.55	31.4355
0.725	0.55	32.5618
0.75	0.55	33.6891
0.775	0.55	34.8174
0.8	0.55	35.9468
0.825	0.55	37.0771
0.85	0.55	38.2082
0.875	0.55	39.34
0.9	0.55	40.472
0.925	0.55	41.6042
0.95	0.55	42.7364
0.975	0.55	43.8683
1	0.55	45.0001
0	0.575	6.37992e-27
0.025	0.575	1.06051
0.05	0.575	2.12102
0.075	0.575	3.18151
0.1	0.575	4.24198
0.125	0.575	5.30241
0.15	0.575	6.3628
0.175	0.575	7.42314
0.2	0.575	8.48344
0.225	0.575	9.54367
0.25	0.575	10.6038
0.275	0.575	11.6639
0.3	0.575	12.724
0.325	0.575	13.7839
0.35	0.575	14.8439
0.375	0.575	15.9037
0.4	0.575	16.9635
0.425	0.575	18.0233
0.45	0.575	19.0831
0.475	0.575	20.1429
0.5	0.575	21.2028
0.525	0.575	22.2628
0.55	0.575	23.323
0.575	0.575	24.3835
0.6	0.575	25.4442
0.625	0.575	26.5054
0.65	0.575	27.5672
0.675	0.575	28.6295
0.7	0.575	29.6925
0.725	0.575	30.7564
0.75	0.575	31.821
0.775	0.575	32.8866
0.8	0.575	33.9529
0.825	0.575	35.02
0.85	0.575	36.0878
0.875	0.575	37.1561
0.9	0.575	38.2248
0.925	0.575	39.2936
0.95	0.575	40.3625
0.975	0.575	41.4313
1	0.575	42.5
0	0.6	1.46874e-27
0.025	0.6	0.998106
0.05	0.6	1.9962
0.075	0.6	2.99429
0.1	0.6	3.99235
0.125	0.6	4.99039
0.15	0.6	5.98839
0.175	0.6	6.98635
0.2	0.6	7.98427
0.225	0.6	8.98215
0.25	0.6	9.97997
0.275	0.6	10.9777
0.3	0.6	11.9755
0.325	0.6	12.9731
0.35	0.6	13.9708
0.375	0.6	14.9684
0.4	0.6	15.9659
0.425	0.6	16.9635
0.45	0.6	17.9611
0.475	0.6	18.9588
0.5	0.6	19.9565
0.525	0.6	20.9544
0.55	0.6	21.9525
0.575	0.6	22.9508
0.6	0.6	23.9495
0.625	0.6	24.9485
0.65	0.6	25.948
0.675	0.6	26.9481
0.7	0.6	27.9488
0.725	0.6	28.9501
0.75	0.6	29.9521
0.775	0.6	30.9549
0.8	0.6	31.9583
0.825	0.6	32.9623
0.85	0.6	33.967
0.875	0.6	34.972
0.9	0.6	35.9774
0.925	0.6	36.9829
0.95	0.6	37.9886
0.975	0.6	38.9943
1	0.6	40
0	0.625	3.17638e-28
0.025	0.625	0.935704
0.05	0.625	1.8714
0.075	0.625	2.80709
0.1	0.625	3.74276
0.125	0.625	4.6784
0.15	0.625	5.61402
0.175	0.625	6.54961
0.2	0.625	7.48516
0.225	0.625	8.42067
0.25	0.625	9.35615
0.275	0.625	10.2916
0.3	0.625	11.227
0.325	0.625	12.1624
0.35	0.625	13.0977
0.375	0.625	14.033
0.4	0.625	14.9684
0.425	0.625	15.9037
0.45	0.625	16.8391
0.475	0.625	17.7746
0.5	0.625	18.7101
0.525	0.625	19.6458
0.55	0.625	20.5817
0.575	0.625	21.5179
0.6	0.625	22.4543
0.625	0.625	23.3911
0.65	0.625	24.3284
0.675	0.625	25.2661
0.7	0.625	26.2043
0.725	0.625	27.1431
0.75	0.625	28.0825
0.775	0.625	29.0225
0.8	0.625	29.963
0.825	0.625	30.9041
0.85	0.625	31.8457
0.875	0.625	32.7876
0.9	0.625	33.7298
0.925	0.625	34.6722
0.95	0.625	35.6148
0.975	0.625	36.5574
1	0.625	37.5
0	0.65	6.4532e-29
0.025	0.65	0.873308
0.05	0.65	1.74661
0.075	0.65	2.61991
0.1	0.65	3.49319
0.125	0.65	4.36645
0.15	0.65	5.23969
0.175	0.65	6.1129
0.2	0.65	6.98608
0.225	0.65	7.85924
0.25	0.65	8.73237
0.275	0.65	9.60547
0.3	0.65	10.4785
0.325	0.65	11.3516
0.35	0.65	12.2246
0.375	0.65	13.0977
0.4	0.65	13.9708
0.425	0.65	14.8439
0.45	0.65	15.717
0.475	0.65	16.5902
0.5	0.65	17.4636
0.525	0.65	18.3371
0.55	0.65	19.2107
0.575	0.65	20.0846
0.6	0.65	20.9588
0.625	0.65	21.8333
0.65	0.65	22.7082
0.675	0.65	23.5835
0.7	0.65	24.4593
0.725	0.65	25.3355
0.75	0.65	26.2123
0.775	0.65	27.0895
0.8	0.65	27.9672
0.825	0.65	28.8454
0.85	0.65	29.724
0.875	0.65	30.6029
0.9	0.65	31.482
0.925	0.65	32.3614
0.95	0.65	33.2408
0.975	0.65	34.1204
1	0.65	35
0	0.675	1.23161e-29
0.025	0.675	0.810918
0.05	0.675	1.62183
0.075	0.675	2.43274
0.1	0.675	3.24363
0.125	0.675	4.05451
0.15	0.675	4.86537
0.175	0.675	5.67622
0.2	0.675	6.48704
0.225	0.675	7.29784
0.25	0.675	8.10862
0.275	0.675	8.91938
0.3	0.675	9.73013
0.325	0.675	10.5409
0.35	0.675	11.3516
0.375	0.675	12.1624
0.4	0.675	12.9731
0.425	0.675	13.7839
0.45	0.675	14.5948
0.475	0.675	15.4058
0.5	0.675	16.2169
0.525	0.675	17.0281
0.55	0.675	17.8395
0.575	0.675	18.6511
0.6	0.675	19.463
0.625	0.675	20.2751
0.65	0.675	21.0876
0.675	0.675	21.9005
0.7	0.675	22.7138
0.725	0.675	23.5274
0.75	0.675	24.3415
0.775	0.675	25.1561
0.8	0.675	25.971
0.825	0.675	26.7863
0.85	0.675	27.6019
0.875	0.675	28.4179
0.9	0.675	29.234
0.925	0.675	30.0504
0.95	0.675	30.8669
0.975	0.675	31.6834
1	0.675	32.5
0	0.7	2.20816e-30
0.025	0.7	0.748531
0.05	0.7	1.49706
0.075	0.7	2.24558
0.1	0.7	2.99409
0.125	0.7	3.74259
0.15	0.7	4.49108
0.175	0.7	5.23955
0.2	0.7	5.98801
0.225	0.7	6.73645
0.25	0.7	7.48488
0.275	0.7	8.2333
0.3	0.7	8.98171
0.325	0.7	9.73013
0.35	0.7	10.4785
0.375	0.7	11.227
0.4	0.7	11.9755
0.425	0.7	12.724
0.45	0.7	13.4726
0.475	0.7	14.2212
0.5	0.7	14.97
0.525	0.7	15.7189
0.55	0.7	16.468
0.575	0.7	17.2173
0.6	0.7	17.9668
0.625	0.7	18.7166
0.65	0.7	19.4667
0.675	0.7	20.2171
0.7	0.7	20.9679
0.725	0.7	21.7189
0.75	0.7	22.4704
0.775	0.7	23.2222
0.8	0.7	23.9744
0.825	0.7	24.7269
0.85	0.7	25.4796
0.875	0.7	26.2327
0.9	0.7	26.9859
0.925	0.7	27.7393
0.95	0.7	28.4928
0.975	0.7	29.2464
1	0.7	30
0	0.725	3.71915e-31
0.025	0.725	0.686147
0.05	0.725	1.37229
0.075	0.725	2.05843
0.1	0.725	2.74456
0.125	0.725	3.43069
0.15	0.725	4.1168
0.175	0.725	4.80291
0.2	0.725	5.489
0.225	0.725	6.17508
0.25	0.725	6.86116
0.275	0.725	7.54723
0.3	0.725	8.2333
0.325	0.725	8.91938
0.35	0.725	9.60547
0.375	0.725	10.2916
0.4	0.725	10.9777
0.425	0.725	11.6639
0.45	0.725	12.3502
0.475	0.725	13.0366
0.5	0.725	13.723
0.525	0.725	14.4096
0.55	0.725	15.0964
0.575	0.725	15.7833
0.6	0.725	16.4705
0.625	0.725	17.1578
0.65	0.725	17.8455
0.675	0.725	18.5334
0.7	0.725	19.2216
0.725	0.725	19.9101
0.75	0.725	20.5989
0.775	0.725	21.288
0.8	0.725	21.9774
0.825	0.725	22.6671
0.85	0.725	23.3571
0.875	0.725	24.0472
0.9	0.725	24.7376
0.925	0.725	25.4281
0.95	0.725	26.1186
0.975	0.725	26.8093
1	0.725	27.5
0	0.75	5.88455e-32
0.025	0.75	0.623766
0.05	0.75	1.24753
0.075	0.75	1.87129
0.1	0.75	2.49505
0.125	0.75	3.11879
0.15	0.75	3.74254
0.175	0.75	4.36627
0.2	0.75	4.99
0.225	0.75	5.61372
0.25	0.75	6.23744
0.275	0.75	6.86116
0.3	0.75	7.48488
0.325	0.75	8.10862
0.35	0.75	8.73237
0.375	0.75	9.35615
0.4	0.75	9.97997
0.425	0.75	10.6038
0.45	0.75	11.2278
0.475	0.75	11.8518
0.5	0.75	12.4759
0.525	0.75	13.1002
0.55	0.75	13.7245
0.575	0.75	14.3491
0.6	0.75	14.9738
0.625	0.75	15.5988
0.65	0.75	16.2239
0.675	0.75	16.8493
0.7	0.75	17.475
0.725	0.75	18.1009
0.75	0.75	18.7271
0.775	0.75	19.3535
0.8	0.75	19.9802
0.825	0.75	20.6072
0.85	0.75	21.2343
0.875	0.75	21.8616
0.9	0.75	22.4891
0.925	0.75	23.1167
0.95	0.75	23.7444
0.975	0.75	24.3722
1	0.75	25
0	0.775	8.74661e-33
0.025	0.775	0.561386
0.05	0.775	1.12277
0.075	0.775	1.68415
0.1	0.775	2.24553
0.125	0.775	2.80691
0.15	0.775	3.36828
0.175	0.775	3.92964
0.2	0.775	4.491
0.225	0.775	5.05236
0.25	0.775	5.61372
0.275	0.775	6.17508
0.3	0.775	6.73645
0.325	0.775	7.29784
0.35	0.775	7.85924
0.375	0.775	8.42067
0.4	0.775	8.98215
0.425	0.775	9.54367
0.45	0.775	10.1053
0.475	0.775	10.6669
0.5	0.775	11.2287
0.525	0.775	11.7905
0.55	0.775	12.3525
0.575	0.775	12.9147
0.6	0.775	13.477
0.625	0.775	14.0395
0.65	0.775	14.6022
0.675	0.775	15.165
0.7	0.775	15.7282
0.725	0.775	16.2915
0.75	0.775	16.855
0.775	0.775	17.4188
0.8	0.775	17.9828
0.825	0.775	18.547
0.85	0.775	19.1113
0.875	0.775	19.6759
0.9	0.775	20.2405
0.925	0.775	20.8053
0.95	0.775	21.3702
0.975	0.775	21.9351
1	0.775	22.5
0	0.8	1.2213e-33
0.025	0.8	0.499008
0.05	0.8	0.998016
0.075	0.8	1.49702
0.1	0.8	1.99602
0.125	0.8	2.49502
0.15	0.8	2.99402
0.175	0.8	3.49302
0.2	0.8	3.99201
0.225	0.8	4.491
0.25	0.8	4.99
0.275	0.8	5.489
0.3	0.8	5.98801
0.325	0.8	6.48704
0.35	0.8	6.98608
0.375	0.8	7.48516
0.4	0.8	7.98427
0.425	0.8	8.48344
0.45	0.8	8.98266
0.475	0.8	9.48195
0.5	0.8	9.98133
0.525	0.8	10.4808
0.55	0.8	10.9804
0.575	0.8	11.4801
0.6	0.8	11.98
0.625	0.8	12.48
0.65	0.8	12.9802
0.675	0.8	13.4805
0.7	0.8	13.9811
0.725	0.8	14.4818
0.75	0.8	14.9827
0.775	0.8	15.4839
0.8	0.8	15.9852
0.825	0.8	16.4866
0.85	0.8	16.9882
0.875	0.8	17.49
0.9	0.8	17.9918
0.925	0.8	18.4938
0.95	0.8	18.9958
0.975	0.8	19.4979
1	0.8	20
0	0.825	1.602e-34
0.025	0.825	0.436631
0.05	0.825	0.873262
0.075	0.825	1.30989
0.1	0.825	1.74652
0.125	0.825	2.18315
0.15	0.825	2.61977
0.175	0.825	3.05639
0.2	0.825	3.49302
0.225	0.825	3.92964
0.25	0.825	4.36627
0.275	0.825	4.80291
0.3	0.825	5.23955
0.325	0.825	5.67622
0.35	0.825	6.1129
0.375	0.825	6.54961
0.4	0.825	6.98635
0.425	0.825	7.42314
0.45	0.825	7.85999
0.475	0.825	8.2969
0.5	0.825	8.73388
0.525	0.825	9.17095
0.55	0.825	9.60812
0.575	0.825	10.0454
0.6	0.825	10.4828
0.625	0.825	10.9203
0.65	0.825	11.358
0.675	0.825	11.7958
0.7	0.825	12.2338
0.725	0.825	12.672
0.75	0.825	13.1103
0.775	0.825	13.5487
0.8	0.825	13.9873
0.825	0.825	14.4261
0.85	0.825	14.865
0.875	0.825	15.304
0.9	0.825	15.743
0.925	0.825	16.1822
0.95	0.825	16.6214
0.975	0.825	17.0607
1	0.825	17.5
0	0.85	1.97405e-35
0.025	0.85	0.374255
0.05	0.85	0.748509
0.075	0.85	1.12276
0.1	0.85	1.49702
0.125	0.85	1.87127
0.15	0.85	2.24552
0.175	0.85	2.61977
0.2	0.85	2.99402
0.225	0.85	3.36828
0.25	0.85	3.74254
0.275	0.85	4.1168
0.3	0.85	4.49108
0.325	0.85	4.86537
0.35	0.85	5.23969
0.375	0.85	5.61402
0.4	0.85	5.98839
0.425	0.85	6.3628
0.45	0.85	6.73726
0.475	0.85	7.11177
0.5	0.85	7.48634
0.525	0.85	7.861
0.55	0.85	8.23573
0.575	0.85	8.61056
0.6	0.85	8.9855
0.625	0.85	9.36054
0.65	0.85	9.73571
0.675	0.85	10.111
0.7	0.85	10.4864
0.725	0.85	10.862
0.75	0.85	11.2377
0.775	0.85	11.6135
0.8	0.85	11.9894
0.825	0.85	12.3654
0.85	0.85	12.7416
0.875	0.85	13.1179
0.9	0.85	13.4942
0.925	0.85	13.8706
0.95	0.85	14.247
0.975	0.85	14.6235
1	0.85	15
0	0.875	2.28513e-36
0.025	0.875	0.311879
0.05	0.875	0.623757
0.075	0.875	0.935635
0.1	0.875	1.24751
0.125	0.875	1.55939
0.15	0.875	1.87127
0.175	0.875	2.18315
0.2	0.875	2.49502
0.225	0.875	2.80691
0.25	0.875	3.11879
0.275	0.875	3.43069
0.3	0.875	3.74259
0.325	0.875	4.05451
0.35	0.875	4.36645
0.375	0.875	4.6784
0.4	0.875	4.99039
0.425	0.875	5.30241
0.45	0.875	5.61447
0.475	0.875	5.92657
0.5	0.875	6.23873
0.525	0.875	6.55096
0.55	0.875	6.86325
0.575	0.875	7.17562
0.6	0.875	7.48808
0.625	0.875	7.80063
0.65	0.875	8.11327
0.675	0.875	8.42602
0.7	0.875	8.73887
0.725	0.875	9.05183
0.75	0.875	9.36489
0.775	0.875	9.67806
0.8	0.875	9.99133
0.825	0.875	10.3047
0.85	0.875	10.6181
0.875	0.875	10.9317
0.9	0.875	11.2452
0.925	0.875	11.5589
0.95	0.875	11.8726
0.975	0.875	12.1863
1	0.875	12.5
0	0.9	2.48496e-37
0.025	0.9	0.249503
0.05	0.9	0.499006
0.075	0.9	0.748508
0.1	0.9	0.998011
0.125	0.9	1.24751
0.15	0.9	1.49702
0.175	0.9	1.74652
0.2	0.9	1.99602
0.225	0.9	2.24553
0.25	0.9	2.49505
0.275	0.9	2.74456
0.3	0.9	2.99409
0.325	0.9	3.24363
0.35	0.9	3.49319
0.375	0.9	3.74276
0.4	0.9	3.99235
0.425	0.9	4.24198
0.45	0.9	4.49163
0.475	0.9	4.74132
0.5	0.9	4.99106
0.525	0.9	5.24085
0.55	0.9	5.49069
0.575	0.9	5.7406
0.6	0.9	5.99057
0.625	0.9	6.24062
0.65	0.9	6.49074
0.675	0.9	6.74094
0.7	0.9	6.99122
0.725	0.9	7.24159
0.75	0.9	7.49204
0.775	0.9	7.74256
0.8	0.9	7.99317
0.825	0.9	8.24385
0.85	0.9	8.4946
0.875	0.9	8.7454
0.9	0.9	8.99626
0.925	0.9	9.24716
0.95	0.9	9.49809
0.975	0.9	9.74904
1	0.9	10
0	0.925	2.53855e-38
0.025	0.925	0.187127
0.05	0.925	0.374254
0.075	0.925	0.561381
0.1	0.925	0.748508
0.125	0.925	0.935635
0.15	0.925	1.12276
0.175	0.925	1.30989
0.2	0.925	1.49702
0.225	0.925	1.68415
0.25	0.925	1.87129
0.275	0.925	2.05843
0.3	0.925	2.24558
0.325	0.925	2.43274
0.35	0.925	2.61991
0.375	0.925	2.80709
0.4	0.925	2.99429
0.425	0.925	3.18151
0.45	0.925	3.36876
0.475	0.925	3.55603
0.5	0.925	3.74334
0.525	0.925	3.93069
0.55	0.925	4.11807
0.575	0.925	4.30551
0.6	0.925	4.49299
0.625	0.925	4.68053
0.65	0.925	4.86812
0.675	0.925	5.05577
0.7	0.925	5.24349
0.725	0.925	5.43126
0.75	0.925	5.6191
0.775	0.925	5.80699
0.8	0.925	5.99494
0.825	0.925	6.18295
0.85	0.925	6.371
0.875	0.925	6.5591
0.9	0.925	6.74723
0.925	0.925	6.93539
0.95	0.925	7.12358
0.975	0.925	7.31179
1	0.925	7.5
0	0.95	2.43617e-39
0.025	0.95	0.124751
0.05	0.95	0.249503
0.075	0.95	0.374254
0.1	0.95	0.499006
0.125	0.95	0.623757
0.15	0.95	0.748509
0.175	0.95	0.873262
0.2	0.95	0.998016
0.225	0.95	1.12277
0.25	0.95	1.24753
0.275	0.95	1.37229
0.3	0.95	1.49706
0.325	0.95	1.62183
0.35	0.95	1.74661
0.375	0.95	1.8714
0.4	0.95	1.9962
0.425	0.95	2.12102
0.45	0.95	2.24585
0.475	0.95	2.37071
0.5	0.95	2.49558
0.525	0.95	2.62048
0.55	0.95	2.74541
0.575	0.95	2.87037
0.6	0.95	2.99536
0.625	0.95	3.12038
0.65	0.95	3.24545
0.675	0.95	3.37055
0.7	0.95	3.49569
0.725	0.95	3.62087
0.75	0.95	3.7461
0.775	0.95	3.87136
0.8	0.95	3.99666
0.825	0.95	4.12199
0.85	0.95	4.24736
0.875	0.95	4.37275
0.9	0.95	4.49817
0.925	0.95	4.62361
0.95	0.95	4.74906
0.975	0.95	4.87453
1	0.95	5
0	0.975	2.19627e-40
0.025	0.975	0.0623757
0.05	0.975	0.124751
0.075	0.975	0.187127
0.1	0.975	0.249503
0.125	0.975	0.311879
0.15	0.975	0.374255
0.175	0.975	0.436631
0.2	0.975	0.499008
0.225	0.975	0.561386
0.25	0.975	0.623766
0.275	0.975	0.686147
0.3	0.975	0.748531
0.325	0.975	0.810918
0.35	0.975	0.873308
0.375	0.975	0.935704
0.4	0.975	0.998106
0.425	0.975	1.06051
0.45	0.975	1.12293
0.475	0.975	1.18536
0.5	0.975	1.2478
0.525	0.975	1.31025
0.55	0.975	1.37271
0.575	0.975	1.43519
0.6	0.975	1.49769
0.625	0.975	1.5602
0.65	0.975	1.62273
0.675	0.975	1.68528
0.7	0.975	1.74786
0.725	0.975	1.81045
0.75	0.975	1.87306
0.775	0.975	1.93569
0.8	0.975	1.99834
0.825	0.975	2.061
0.85	0.975	2.12369
0.875	0.975	2.18638
0.9	0.975	2.24909
0.925	0.975	2.31181
0.95	0.975	2.37453
0.975	0.975	2.43727
1	0.975	2.5
0	1	1.86004e-41
0.025	1	2.19627e-40
0.05	1	2.43617e-39
0.075	1	2.53855e-38
0.1	1	2.48496e-37
0.125	1	2.28513e-36
0.15	1	1.97405e-35
0.175	1	1.602e-34
0.2	1	1.2213e-33
0.225	1	8.74661e-33
0.25	1	5.88455e-32
0.275	1	3.71915e-31
0.3	1	2.20816e-30
0.325	1	1.23161e-29
0.35	1	6.4532e-29
0.375	1	3.17638e-28
0.4	1	1.46874e-27
0.425	1	6.37992e-27
0.45	1	2.60341e-26
0.475	1	9.97987e-26
0.5	1	3.59389e-25
0.525	1	1.2158e-24
0.55	1	3.8638e-24
0.575	1	1.15352e-23
0.6	1	3.23512e-23
0.625	1	8.5234e-23
0.65	1	2.10956e-22
0.675	1	4.90488e-22
0.7	1	1.07132e-21
0.725	1	2.19821e-21
0.75	1	4.23717e-21
0.775	1	7.67252e-21
0.8	1	1.30514e-20
0.825	1	2.08561e-20
0.85	1	3.13087e-20
0.875	1	4.41523e-20
0.9	1	5.84923e-20
0.925	1	7.27948e-20
0.95	1	8.51058e-20
0.975	1	9.34704e-20
1	1	9.64375e-20
